n,p
0,0.996
1,0.988
2,0.989
3,0.992
4,0.982
5,0.974
6,0.98
7,0.975
8,0.968
9,0.965
10,0.963
11,0.948
12,0.945
13,0.948
14,0.937
15,0.926
16,0.927
17,0.908
18,0.921
19,0.935
20,0.92
21,0.9
22,0.897
23,0.892
24,0.884
25,0.882
26,0.885
27,0.881
28,0.876
29,0.869
30,0.861
31,0.834
32,0.858
33,0.864
34,0.825
35,0.827
36,0.816
37,0.785
38,0.824
39,0.822
40,0.77
41,0.801
42,0.782
43,0.763
44,0.751
45,0.749
46,0.782
47,0.75
48,0.76
49,0.757
50,0.744
51,0.728
52,0.742
53,0.693
54,0.725
55,0.705
56,0.655
57,0.702
58,0.691
59,0.692
60,0.637
61,0.683
62,0.651
63,0.648
64,0.657
65,0.627
66,0.614
67,0.601
68,0.617
69,0.615
70,0.576
71,0.626
72,0.599
73,0.57
74,0.585
75,0.572
76,0.559
77,0.564
78,0.552
79,0.545
80,0.557
81,0.535
82,0.496
83,0.535
84,0.559
85,0.516
86,0.528
87,0.521
88,0.535
89,0.511
90,0.478
91,0.497
92,0.498
93,0.496
94,0.487
95,0.492
96,0.454
97,0.455
98,0.45
99,0.468
100,0.446
101,0.446
102,0.441
103,0.405
104,0.423
105,0.416
106,0.42
107,0.456
108,0.406
109,0.413
110,0.408
111,0.411
112,0.393
113,0.378
114,0.389
115,0.378
116,0.398
117,0.36
118,0.363
119,0.388
120,0.374
121,0.375
122,0.363
123,0.355
124,0.371
125,0.364
126,0.343
127,0.355
128,0.377
129,0.328
130,0.353
131,0.359
132,0.327
133,0.353
134,0.344
135,0.342
136,0.367
137,0.328
138,0.336
139,0.336
140,0.325
141,0.326
142,0.359
143,0.303
144,0.319
145,0.307
146,0.316
147,0.327
148,0.312
149,0.318
150,0.305
151,0.326
152,0.341
153,0.335
154,0.316
155,0.318
156,0.309
157,0.311
158,0.317
159,0.327
160,0.341
161,0.311
162,0.314
163,0.328
164,0.338
165,0.333
166,0.33
167,0.3
168,0.325
169,0.311
170,0.282
171,0.329
172,0.332
173,0.341
174,0.337
175,0.335
176,0.321
177,0.326
178,0.326
179,0.332
180,0.332
181,0.333
182,0.342
183,0.345
184,0.355
185,0.332
186,0.328
187,0.319
188,0.328
189,0.338
190,0.351
191,0.351
192,0.348
193,0.346
194,0.338
195,0.345
196,0.329
197,0.374
198,0.38
199,0.371
200,0.37
201,0.343
202,0.388
203,0.379
204,0.371
205,0.384
206,0.372
207,0.364
208,0.354
209,0.399
210,0.382
211,0.391
212,0.387
213,0.389
214,0.412
215,0.418
216,0.39
217,0.369
218,0.392
219,0.411
220,0.407
221,0.425
222,0.413
223,0.42
224,0.412
225,0.403
226,0.426
227,0.397
228,0.394
229,0.422
230,0.434
231,0.412
232,0.41
233,0.432
234,0.441
235,0.427
236,0.446
237,0.448
238,0.46
239,0.467
240,0.431
241,0.428
242,0.449
243,0.453
244,0.446
245,0.445
246,0.494
247,0.463
248,0.457
249,0.442
250,0.432
251,0.469
252,0.454
253,0.46
254,0.493
255,0.488
256,0.472
257,0.474
258,0.468
259,0.44
260,0.476
261,0.481
262,0.476
263,0.483
264,0.497
265,0.497
266,0.505
267,0.49
268,0.478
269,0.483
270,0.511
271,0.508
272,0.505
273,0.503
274,0.51
275,0.524
276,0.491
277,0.511
278,0.529
279,0.535
280,0.54
281,0.531
282,0.509
283,0.476
284,0.545
285,0.519
286,0.547
287,0.535
288,0.536
289,0.537
290,0.533
291,0.517
292,0.535
293,0.547
294,0.528
295,0.552
296,0.529
297,0.542
298,0.527
299,0.519
300,0.548
301,0.555
302,0.549
303,0.539
304,0.589
305,0.526
306,0.537
307,0.54
308,0.53
309,0.552
310,0.567
311,0.557
312,0.558
313,0.583
314,0.555
315,0.568
316,0.515
317,0.561
318,0.55
319,0.579
320,0.558
321,0.555
322,0.566
323,0.554
324,0.551
325,0.545
326,0.585
327,0.559
328,0.575
329,0.574
330,0.543
331,0.551
332,0.551
333,0.574
334,0.558
335,0.553
336,0.555
337,0.552
338,0.582
339,0.534
340,0.594
341,0.526
342,0.582
343,0.598
344,0.552
345,0.53
346,0.557
347,0.563
348,0.529
349,0.576
350,0.564
351,0.541
352,0.577
353,0.561
354,0.563
355,0.542
356,0.557
357,0.563
358,0.56
359,0.576
360,0.534
361,0.55
362,0.535
363,0.531
364,0.534
365,0.556
366,0.558
367,0.55
368,0.55
369,0.563
370,0.56
371,0.569
372,0.526
373,0.541
374,0.559
375,0.565
376,0.549
377,0.554
378,0.556
379,0.54
380,0.531
381,0.558
382,0.55
383,0.519
384,0.541
385,0.551
386,0.572
387,0.546
388,0.56
389,0.525
390,0.531
391,0.513
392,0.544
393,0.515
394,0.521
395,0.574
396,0.514
397,0.53
398,0.551
399,0.526
400,0.545
401,0.527
402,0.529
403,0.548
404,0.535
405,0.532
406,0.535
407,0.548
408,0.522
409,0.515
410,0.542
411,0.498
412,0.543
413,0.538
414,0.513
415,0.513
416,0.507
417,0.51
418,0.518
419,0.53
420,0.508
421,0.512
422,0.541
423,0.492
424,0.535
425,0.518
426,0.482
427,0.504
428,0.527
429,0.508
430,0.508
431,0.516
432,0.534
433,0.496
434,0.501
435,0.499
436,0.484
437,0.513
438,0.496
439,0.514
440,0.514
441,0.516
442,0.516
443,0.506
444,0.49
445,0.511
446,0.469
447,0.505
448,0.478
449,0.501
450,0.499
451,0.516
452,0.49
453,0.507
454,0.478
455,0.5
456,0.497
457,0.51
458,0.501
459,0.497
460,0.509
461,0.496
462,0.488
463,0.485
464,0.491
465,0.482
466,0.499
467,0.478
468,0.493
469,0.486
470,0.477
471,0.465
472,0.52
473,0.507
474,0.477
475,0.489
476,0.492
477,0.489
478,0.502
479,0.496
480,0.499
481,0.485
482,0.474
483,0.476
484,0.465
485,0.486
486,0.467
487,0.497
488,0.501
489,0.488
490,0.467
491,0.464
492,0.499
493,0.48
494,0.484
495,0.488
496,0.499
497,0.478
498,0.477
499,0.488
500,0.478
501,0.511
502,0.492
503,0.509
504,0.486
505,0.473
506,0.505
507,0.489
508,0.499
509,0.47
510,0.487
511,0.463
512,0.484
513,0.484
514,0.505
515,0.462
516,0.475
517,0.461
518,0.47
519,0.463
520,0.48
521,0.518
522,0.443
523,0.516
524,0.469
525,0.479
526,0.478
527,0.476
528,0.507
529,0.502
530,0.474
531,0.493
532,0.488
533,0.47
534,0.501
535,0.467
536,0.474
537,0.471
538,0.469
539,0.503
540,0.473
541,0.46
542,0.491
543,0.479
544,0.464
545,0.472
546,0.49
547,0.467
548,0.502
549,0.513
550,0.465
551,0.488
552,0.494
553,0.468
554,0.477
555,0.491
556,0.496
557,0.496
558,0.483
559,0.486
560,0.476
561,0.493
562,0.49
563,0.473
564,0.476
565,0.48
566,0.501
567,0.444
568,0.483
569,0.499
570,0.467
571,0.51
572,0.52
573,0.488
574,0.499
575,0.495
576,0.491
577,0.522
578,0.476
579,0.48
580,0.495
581,0.509
582,0.476
583,0.506
584,0.501
585,0.483
586,0.485
587,0.486
588,0.474
589,0.51
590,0.488
591,0.507
592,0.48
593,0.494
594,0.51
595,0.477
596,0.486
597,0.495
598,0.505
599,0.486
600,0.539
601,0.503
602,0.47
603,0.497
604,0.502
605,0.47
606,0.485
607,0.494
608,0.49
609,0.507
610,0.509
611,0.492
612,0.481
613,0.506
614,0.467
615,0.475
616,0.504
617,0.489
618,0.51
619,0.504
620,0.499
621,0.5
622,0.503
623,0.501
624,0.525
625,0.46
626,0.532
627,0.511
628,0.469
629,0.494
630,0.52
631,0.527
632,0.517
633,0.505
634,0.497
635,0.49
636,0.482
637,0.491
638,0.513
639,0.51
640,0.49
641,0.479
642,0.528
643,0.503
644,0.474
645,0.522
646,0.508
647,0.509
648,0.515
649,0.513
650,0.518
651,0.488
652,0.495
653,0.496
654,0.497
655,0.507
656,0.514
657,0.482
658,0.504
659,0.517
660,0.5
661,0.489
662,0.524
663,0.483
664,0.516
665,0.5
666,0.499
667,0.476
668,0.505
669,0.53
670,0.53
671,0.496
672,0.515
673,0.516
674,0.518
675,0.528
676,0.522
677,0.503
678,0.511
679,0.49
680,0.522
681,0.467
682,0.485
683,0.519
684,0.503
685,0.48
686,0.532
687,0.54
688,0.52
689,0.521
690,0.509
691,0.518
692,0.51
693,0.511
694,0.507
695,0.533
696,0.511
697,0.484
698,0.481
699,0.505
700,0.514
701,0.496
702,0.506
703,0.505
704,0.51
705,0.523
706,0.479
707,0.527
708,0.482
709,0.486
710,0.505
711,0.496
712,0.495
713,0.512
714,0.504
715,0.508
716,0.48
717,0.505
718,0.51
719,0.486
720,0.503
721,0.525
722,0.488
723,0.532
724,0.514
725,0.488
726,0.496
727,0.503
728,0.518
729,0.481
730,0.502
731,0.473
732,0.529
733,0.494
734,0.501
735,0.514
736,0.486
737,0.471
738,0.499
739,0.513
740,0.469
741,0.496
742,0.48
743,0.489
744,0.516
745,0.488
746,0.486
747,0.478
748,0.507
749,0.509
750,0.49
751,0.486
752,0.504
753,0.536
754,0.503
755,0.507
756,0.494
757,0.512
758,0.504
759,0.474
760,0.501
761,0.496
762,0.504
763,0.502
764,0.53
765,0.512
766,0.504
767,0.535
768,0.509
769,0.507
770,0.517
771,0.51
772,0.514
773,0.504
774,0.507
775,0.498
776,0.484
777,0.505
778,0.528
779,0.474
780,0.506
781,0.531
782,0.477
783,0.536
784,0.53
785,0.519
786,0.481
787,0.481
788,0.499
789,0.481
790,0.51
791,0.505
792,0.514
793,0.515
794,0.507
795,0.506
796,0.5
797,0.502
798,0.492
799,0.486
800,0.497
801,0.495
802,0.501
803,0.468
804,0.499
805,0.49
806,0.51
807,0.529
808,0.492
809,0.511
810,0.462
811,0.515
812,0.515
813,0.492
814,0.537
815,0.488
816,0.505
817,0.509
818,0.51
819,0.507
820,0.498
821,0.506
822,0.518
823,0.504
824,0.484
825,0.508
826,0.491
827,0.496
828,0.506
829,0.489
830,0.501
831,0.49
832,0.475
833,0.506
834,0.5
835,0.499
836,0.498
837,0.496
838,0.509
839,0.491
840,0.48
841,0.491
842,0.519
843,0.503
844,0.473
845,0.471
846,0.495
847,0.479
848,0.516
849,0.52
850,0.49
851,0.472
852,0.526
853,0.485
854,0.48
855,0.487
856,0.507
857,0.48
858,0.512
859,0.493
860,0.5
861,0.516
862,0.519
863,0.48
864,0.505
865,0.486
866,0.516
867,0.465
868,0.474
869,0.509
870,0.491
871,0.495
872,0.505
873,0.496
874,0.512
875,0.494
876,0.489
877,0.458
878,0.488
879,0.516
880,0.507
881,0.488
882,0.506
883,0.504
884,0.498
885,0.488
886,0.476
887,0.512
888,0.491
889,0.482
890,0.492
891,0.511
892,0.477
893,0.492
894,0.485
895,0.493
896,0.476
897,0.496
898,0.493
899,0.495
900,0.503
901,0.472
902,0.514
903,0.519
904,0.492
905,0.481
906,0.492
907,0.493
908,0.519
909,0.515
910,0.516
911,0.504
912,0.509
913,0.472
914,0.496
915,0.501
916,0.517
917,0.517
918,0.512
919,0.506
920,0.485
921,0.472
922,0.491
923,0.476
924,0.491
925,0.524
926,0.5
927,0.502
928,0.502
929,0.499
930,0.495
931,0.473
932,0.514
933,0.499
934,0.479
935,0.493
936,0.503
937,0.461
938,0.501
939,0.482
940,0.507
941,0.472
942,0.511
943,0.493
944,0.498
945,0.495
946,0.507
947,0.481
948,0.514
949,0.484
950,0.506
951,0.509
952,0.498
953,0.489
954,0.463
955,0.46
956,0.496
957,0.481
958,0.477
959,0.503
960,0.5
961,0.506
962,0.526
963,0.502
964,0.477
965,0.497
966,0.477
967,0.514
968,0.492
969,0.507
970,0.49
971,0.497
972,0.497
973,0.496
974,0.483
975,0.512
976,0.484
977,0.498
978,0.507
979,0.512
980,0.478
981,0.476
982,0.517
983,0.478
984,0.517
985,0.478
986,0.465
987,0.478
988,0.499
989,0.493
990,0.5
991,0.518
992,0.495
993,0.504
994,0.505
995,0.501
996,0.504
997,0.503
998,0.488
