qucb,thomp,ucb
74.85090254445196,57.462971643636806,572.1641262342727
115.91670634559691,76.52269294275044,544.3497540990254
77.3747932562426,59.73381435886228,383.2813112566619
56.38364944961152,8.337527091661855,301.21129875368115
121.71913199371188,143.70686370882854,720.9276932066871
99.15604665451283,32.805011208648544,485.91625656480227
92.22143592481625,49.04182222071882,519.4555429919685
13.69671548038426,58.361012484920735,101.09895979592022
83.74295110506304,11.723598893264045,487.254311599085
52.975333342931144,39.12937891657969,42.66689087106925
35.29237029304516,181.8846531068539,596.9497768039197
75.65493639756369,40.591637546640825,325.1874843755045
71.37971050652831,35.102042986311744,481.3041935095796
101.10511129294909,116.33919642875489,252.97917148714615
104.39361215543009,57.37971711303949,491.17754056122993
70.23220902268876,46.36402816758739,617.6195794196481
51.33703530267712,94.45192280912497,595.360583082148
130.36886526339939,48.65857474213939,299.20670313598595
70.19748588519879,66.26311351994885,589.5518941176755
95.13362356318729,48.54332560248699,494.0454020113259
66.31226673903375,79.62118513860959,468.6332364138102
110.48033102108768,82.88074300938568,499.1973007896079
35.89957211461613,59.4448535009089,236.88659769255582
0.8467274284013775,1.5376165234129702,0.8145204517004824
53.23018408362439,22.189338546956066,97.14217935426456
111.83795202904652,130.7580091615994,336.06097503502457
96.12899206586167,31.14503725241042,636.5710060876197
97.47405166281996,127.0595907739592,506.6620599008767
135.69772380494845,33.14338799640429,369.3993592467935
36.519941681933766,339.7819848194276,203.3103742652677
165.55681540609893,128.86650954315937,400.1126993156054
9.468767546780992,0.7893557267795615,9.84737183589668
106.34888464928892,714.7101062040364,604.4785915231658
71.33564989000638,77.81209141291993,115.69774891514518
102.71094976853806,56.064322507630806,514.3248284813909
64.40875204794517,45.14825706254637,844.3552479088352
77.41981419534804,188.19032129712605,218.28619109714754
77.41005843068419,160.31521623549847,466.85368654844916
44.94229123661423,103.43350290371426,166.02786633613047
40.63841329470512,8.269682829107008,41.68650978871549
139.54469639000206,154.2435416218424,609.6504711379717
77.59218837194112,28.08303669811944,148.71470687012436
63.936449804558436,186.29103653298057,318.1156591344324
67.57510677759771,25.681198396798,574.9116661805011
59.73502229365949,30.824228220602063,552.7432893717586
76.0908008079848,124.53721940516792,337.7499356167224
51.83955665141082,32.90696605260357,94.04931250542644
37.07585673522157,11.520385582602705,38.6817003401577
82.89201141136441,21.075646545031276,315.09751084546656
82.20458477145027,95.84472604989185,533.400250646159
119.26072715512711,51.03167399910614,542.823621347771
66.71815458131472,65.11744693986329,527.2928996628567
94.55238402138706,88.83001002977117,411.2058565622535
75.76883689207155,83.64881444549461,132.86135159952048
53.27158840884965,38.51217680864958,284.46865050745765
93.06084213349536,136.01200004126514,432.38880026651435
39.865365512298844,12.42400652140338,38.81643563717653
64.36809789419246,114.70990485473112,585.9041233252068
35.77167094094094,52.05744931200108,60.75354246306604
53.36552580969662,19.95303951734228,504.32258461740463
80.6857350461134,79.94732985276553,497.80484169952797
4.858162661772372,3.235808381546562,4.554258635840889
75.19372648093653,107.5965294605704,484.3045298741118
89.01361347442557,79.26020492404959,406.9130853906305
0.4295591210200125,0.49167278494997024,0.4090032133402941
103.82932391399927,38.08096147485734,667.0166264769317
101.24496064623432,213.1604826370546,243.21574231142966
51.68301165343024,32.19343802983043,91.73574714349493
59.315040906629015,38.792445017725434,511.7161653433331
79.1055442729505,97.34110382338518,447.80820968940066
82.67469623451288,44.90567225599613,550.6670529063548
50.86445394199327,82.55464451128536,282.6973130204903
117.39298431548092,169.42380130122964,199.27275747883525
117.54954971633968,108.1727481226955,425.7703638876979
82.1110877635112,81.64397051924675,391.7285829292259
69.26948104580704,38.008625538076856,224.46607379897645
70.8472706289225,43.61584382770004,562.4323517450148
32.2216553794948,64.06779911177595,62.989495023912184
55.2038224519304,74.32346466250627,466.6629435499993
132.64013775252826,136.55282618180328,449.51899191877646
80.88468532202536,206.90129092569586,431.3222294663829
76.09696401143263,49.10386689528265,381.75684403730537
80.36195188465155,157.8020123700635,482.25121855694334
42.654125204169546,15.79878932965851,76.0517886022077
76.17575345866723,309.19120184145936,241.45612992504618
29.362372920299485,101.97305915756748,474.18452948557524
108.58870070887146,16.256273041226713,384.18458086362114
83.13757006015884,274.9747295195908,260.0889712405284
80.00580747084437,13.235522608756693,129.4297491115076
99.64588114564775,84.91210594674705,537.7766709955964
100.44035470005848,81.8238287797373,697.7493667221836
75.43838049758261,182.76501038185057,632.6710777959968
65.45306892557502,60.750070466176986,375.534226514138
63.21161577464991,280.00519345347203,421.7463516186645
55.13574546301973,67.32487927544939,94.94117505501679
113.92053690678347,3.9765772469923624,539.3162881074433
87.13523826070788,126.38212383079113,537.4896473410504
63.04158932542616,18.97862756950293,111.8593183537688
108.5089317059119,128.23270101403523,306.4997443221351
106.2328993099267,74.49178074291902,523.0978381059851
71.31789111155932,21.554903422237594,467.9491518071334
5.2858723999118595,36.66170937881781,16.240328195937586
11.527219393571281,72.19555319269341,354.9604866486523
81.95843598604253,71.0988274238407,143.75367714621902
3.533679726119678,2.0271531213123333,3.695432671329518
99.6497395316598,128.60157503542774,491.4120845942418
48.987808639461754,200.7547538596875,194.61667400267103
135.23547957679372,104.15410013592803,447.3664219941486
25.701021254255522,40.0444010443652,26.80425847707143
111.03961509208993,103.30595246669029,447.8382417931781
114.05987950741803,28.360759125306956,425.6497125866655
81.61222765848758,40.10969486950653,622.0938985850662
51.29991623062237,52.34925408784239,172.77214495241108
56.840928486735486,113.07404468506823,588.5229811699996
96.2985177708794,101.1066716117598,385.4413980416235
45.48675268178608,24.449760286324256,47.06508138042441
128.6187781362747,85.23997685726623,749.7861391625103
104.18218587982201,96.25604346862286,452.36447558417274
111.24249771736363,196.71627767580864,218.81321651607456
83.05803987365378,146.91350194463354,544.6038905039017
100.5027032094368,60.01842901004109,423.6566017808435
55.888729784671575,78.44881066733312,608.265121935276
85.65639991487869,51.873995944444864,212.16893051987128
88.42208458545346,184.0705025979267,71.1420451132228
58.485006759274526,110.85985425781224,421.241567857543
86.92968349248079,48.33777695703212,465.53934603073156
88.01196559217884,0.9735836901789596,605.5257849053799
57.40399030132895,15.886752109120959,327.9112840153551
66.2048735039315,155.58529879481912,176.5584747984175
87.85362680811289,109.40959954955855,425.5783529649157
43.21936946550411,121.9474430494699,147.89412926783805
79.52429226392415,83.57623493183713,573.5859230050237
98.12535737896026,92.23976563843264,534.7446036710268
54.241874338365456,256.662943518767,175.90049764789111
0.008236563784983915,0.007853040846078215,0.007854612661401599
91.8824819713973,5.022515091683944,438.52692854823306
69.85695738296262,94.01669589729144,313.0276974222347
72.59271485001402,18.38908373966066,513.94856941931
90.27021735394324,287.43120093066585,433.41021392585577
69.72546096544289,64.6551454759944,508.6181782816831
77.8358941773259,43.86547389573021,492.57109408300454
59.731055104915676,11.745285384220969,522.24414219699
66.15796046835634,135.87752205337176,416.5934895175544
98.98822920884919,23.634647385731135,146.0337568480224
79.80463313801668,153.81224830841447,621.889570499894
69.94509115433372,72.11488358356806,127.31906093257139
64.759511571731,38.58381669472681,67.19215650704484
99.583611235379,111.92140377781986,534.4540787352856
72.74612245746657,104.20747874305502,119.29426297917439
45.386309586796855,96.6608951065795,80.0851279956627
59.972467087033024,31.725847878882874,578.7534726325445
37.66264671335667,120.30144436794781,138.8725170624504
95.01524431406774,26.407649080148865,299.4609974896851
114.47774187494404,115.83686421231663,387.2649210051011
103.39130397005557,31.582552659660987,674.408970640213
110.38491161260724,51.99661948250066,180.19425109587277
13.407849569240744,4.669919436326108,13.81235207313833
66.66076323635313,35.31693361293605,318.33015500047344
101.07286634866342,13.2537992909656,375.0521677222197
51.291463953162136,49.71065934040435,171.89681905180612
59.20468668807508,67.2340389899094,293.4158885871547
96.32801145885499,82.22258087342229,158.94099821079084
32.798720694306894,18.276729041736367,60.41645485395661
47.00321234844406,123.15744161354071,174.07399546583565
65.93975540682742,22.609844484428795,294.0629624437358
39.078392712226226,81.54408481855974,77.13790964178573
83.53924205272465,301.8748422261341,840.7419713018128
127.26259490437616,0.7315283997434889,271.2452830727115
52.1119002161415,239.34125907589075,353.31389523671027
59.92967599418817,15.423105327546704,213.42777903452006
72.8362203016073,101.22847436920593,415.16465418007834
22.55257744619878,36.74412169275824,23.820870903711747
0.09703195327358989,0.11517509220555823,0.10175487734972295
71.31166326591827,110.82310626159195,67.29383643184694
53.86104229547348,66.73426411742716,57.53322149596439
113.28763252791703,117.3226112773649,598.8580960640807
69.26006401274454,75.86598948888509,651.6626303148805
99.37793834914818,9.602187808291564,165.18009511143478
79.8828594778073,8.021668657002646,548.6251891643551
0.1351802700300242,0.23684379422854285,0.14183727011721992
99.58800007541998,60.64448582381499,409.6581818585975
87.97748309184621,178.45741747122068,421.02110879584393
77.2703232478549,30.501069709598262,421.60013674320516
59.404205929044615,34.132146349621614,534.2513395092691
99.88911192554558,256.7454656571592,369.6486457538967
98.92049369698807,69.25407228342604,425.15386229076427
43.46254370480943,128.2078310719239,334.3101493773104
71.91693747151871,85.82716381401403,532.6264800171458
111.87905870263627,50.695519169926996,341.3190423248315
108.0905516002207,96.11316670857958,496.2326807449658
103.14284510745128,5.740079186044221,434.1285667064524
85.13442740558658,68.7163601632504,148.25803394859048
85.45707653934114,68.33625122480454,591.4247306665322
111.53684851230696,42.20294721351895,525.78436227319
0.0008365646061301952,0.0009540390974446195,0.000878274729228249
60.015562760016714,76.51478760944694,299.94179077915425
64.47414833011335,113.64598834838104,525.1917043303486
133.70182263756288,34.64717390704255,230.85522658931484
69.61355416115153,63.690478982274776,502.48582488079194
70.83539353134955,18.86107575509371,425.366892687334
60.23461258176034,172.24149296508998,625.0216341901079
43.04419842314346,55.29218937670867,308.05018973863145
99.69706115892278,176.254632900915,400.4249253340463
123.90946940108185,108.44830007978929,552.298471116241
54.15620918373278,60.38624660162177,322.2601303972181
1.2042089997447316,1.7053928360623716,1.1194297593808926
5.793155880005929,3.804478743435427,6.017441310939086
74.19543170647616,31.671673342754165,621.4140987388091
11.90697303038559,9.107839752363557,12.316226448098828
64.70212687952402,28.136200208918122,605.9541862972662
7.842644724003107,11.467192142841991,15.109947348304694
102.75026230400454,16.79889274868922,398.9800563715971
3.201242424571255,3.6724865298455054,3.378527270935205
107.3293777216566,28.151535405362047,779.8793205696311
83.32751296293523,101.29970967420891,352.1478818908511
36.22603303133236,20.37966807611019,67.65870527449808
33.353964117399386,119.52671825854142,481.9964994801422
49.200945302656066,117.70258297482201,503.0227737038177
63.67526927862926,51.20787695305426,519.779908293467
69.89795616947973,116.37099851333977,405.1384017570229
99.0532699672337,17.982958237928802,561.759195418752
107.12507411884748,30.700278839226996,245.48431648758853
0.04973580669784461,0.007341312434095304,0.04745638176872902
44.60105939398666,76.72364421277487,510.14414931488574
117.50846531538348,91.32119664133666,364.4128464319419
68.51992750897352,26.15044475546669,514.3655206274054
112.96294280574092,48.581285260236974,581.9479823946558
2.8842535065788777,2.3385780284652413,3.056466195780556
55.822266895121956,4.324260111599944,57.263374192016144
5.8150360401015755,190.18605381739314,161.84728184141156
47.66561742280414,22.334862936196384,83.213708973213
68.71724961218503,106.1417989031635,798.9731639097007
79.77220365064008,5.023610387067809,143.016327043947
90.40343864305301,104.42619424378064,553.6877270881394
17.054830402831985,177.94043772641476,488.5893080217735
61.00530575086883,66.44899453837486,429.241609268974
82.3882085118404,157.98109808940566,136.78851176015442
65.15383807447598,18.91926932956681,595.3446054871554
106.67503152418553,96.18722597463437,584.5726382931139
109.48344633638204,158.09879105255297,514.3944757999768
103.82580665502923,19.365977412832773,507.01973245546253
83.69798200855251,157.33613501701765,249.76065401075672
77.4260121847053,59.47414242607005,115.3460848995611
102.355965802286,86.28871427566486,281.3991017271
103.93910705730877,57.946759165766245,354.6732428797918
67.43001764665051,16.988647018726937,381.4081365696483
95.49556913752346,25.618430959815708,285.62638696988773
97.8906090057423,371.2546092598966,278.4581669680888
117.54014697972711,96.06252012271769,459.223774242163
78.14006416363605,141.2014777942103,616.8032449256938
113.25242190087839,20.689256253164373,303.87699389922443
0.009290240776430557,0.00794896597275923,0.009758984310845147
66.4930258428895,54.152260230453834,477.91453689987907
89.9577702319106,24.605760555254257,152.94373570034895
19.945328113990964,0.3824938548872949,20.498787670882347
122.11560479504934,57.41819557639642,403.58860036397596
113.55562520193826,19.123842218945484,270.46626452638276
65.44207242799483,107.59815669484844,368.5862250418431
88.14958246615676,171.0931335354212,264.0957961173359
86.20101967328807,36.5925308628438,437.3678688844213
61.47115583114963,17.915460691708784,207.64605347835302
56.17606139811258,59.60766200220159,451.7353511512802
76.1527785669337,8.295605943698746,135.02110616283562
14.51705569291455,8.955250514232379,15.124718592563944
0.005621673160970816,0.005902199357061841,0.005905317364630384
6.731202364598451,3.342861398185045,7.008378837643955
103.9410026648455,49.10396118967173,468.1587085152648
72.31825001190244,57.72304763732208,767.2169901095485
39.95646234740933,47.14753924922811,73.62996308033594
90.05497670025534,13.399297911480055,441.7686186272938
112.81417967959108,170.33885632947948,286.4988977553675
81.44467871145812,122.57361784142356,413.7988353052642
46.68971213200238,35.14933321454158,150.511723207193
77.86364225618486,75.05574166864523,121.05964278139751
66.49746589016277,177.23153083496248,357.05371332760916
79.39565560363924,499.19920875222294,567.8799639315677
47.376306123515164,136.47474024296358,463.2990467196124
5876.287148532882,128.68383090486162,458.9095958794648
40.54573842116724,40.406719787971724,40.67589802381599
18.380823781484278,23.63405444456646,18.84545719718457
1.0095500755771107,1.9982806623859752,1.0617090881880227
78.8569791661335,59.394735537127815,447.7769887536757
95.7204257731165,590.1618179048885,263.8911401787127
97.55724211664149,22.93842234133456,436.75331696879636
54.93961387602266,30.87380725360211,585.6103536941607
0.6441749202523259,0.13326748955235268,0.6762927208662713
91.25819993161598,101.09515191539602,599.0894440197185
81.18716772728668,60.9106929045076,487.7731538529822
61.54591586919917,31.634512392262568,112.00865982863724
61.0687559897438,19.197141742560518,107.34113379263641
48.446054501007765,24.318112372251978,93.90636218430701
59.27299896615172,24.090869420206822,214.4745242355031
73.01736806584907,197.49025802960384,246.4765935675869
57.55062261488076,140.59288737898814,702.0715093170359
0.020038119016744904,0.015249184374259372,0.021085188027855528
100.86526860219398,86.03050536092434,455.01512042474394
5.006303893984345,2.011339680021105,5.257721353986653
62.122078289587265,20.111524286736458,62.106938786827484
82.65976793663127,55.909902453675635,468.94544609078065
81.91390022995809,58.18865235232659,401.8299241308923
27.796797809203074,45.18042498442956,28.02828984783416
54.08082158045263,41.6314661440399,260.134549133107
80.65115828330475,19.294921751461597,347.5911531419395
38.70170360711359,74.54471498960756,69.46870379567522
121.20821107035553,63.09823890674451,440.6722302329706
0.28047231450133736,0.15651375951625146,0.267014336356011
1.6382549134479696,29.586603693294837,296.30710556376
59.320059599087635,87.19870622749279,414.5575536447532
83.978414002763,1.3570765990266405,125.23072071478873
117.75785336332663,75.87415483835841,348.7881014163017
78.93987049761995,43.63853835324834,526.6888465676526
86.96688189769199,20.907967181892705,526.0021252826551
80.01329893525343,37.00837719735907,558.1734066708723
17.687207996109663,3.4439192012245234,18.480335007667236
73.2965808175459,72.80709091349617,642.0838493233314
87.07131832056425,89.51259511686466,308.3729267940115
103.60970912788464,45.89318947856633,281.6337989356757
110.55012440925417,15.721053827616286,875.5961181079679
106.817026385887,184.8095719933634,557.9690280098927
82.7799029742715,84.99118902948274,604.5615125204463
29.185762248760536,6.786577942523296,59.62595370975019
107.87200009372847,44.34411678352074,656.356963221946
121.75252206448529,141.92489174773456,494.3727038994384
69.821927778732,90.6320744454161,568.9718606477529
68.69422333048921,35.81623591051318,532.6166416101728
67.55282243504539,78.37156968588728,508.0576702062574
52.38431305266241,86.87529532972363,266.598967442807
59.113261550876324,120.08048879319215,277.58066793087914
77.89298840656915,9.112882393348894,469.361608598091
62.584022634140716,52.023231925460834,205.03127429796706
4.55883081687222,7.326061027848173,3.660768567693945
96.20278352492039,19.34525426805961,468.28364575072226
3.659123811574887,1.2794448851414626,3.8396569042644524
77.31619303036197,72.59368297358944,135.60772064035174
73.26829412600189,64.09843094822396,531.5439859043337
85.16219830298188,43.19867163180373,634.2574046181004
59.65873352840353,66.9443846700108,413.25168770429184
163.90328173370963,54.70805403779336,481.9911084949327
75.49238389451754,50.78066549498974,236.92873592756635
112.42375063399899,49.11707248847096,350.845562158763
103.05401102476705,132.98476668497608,393.26707648707645
50.46199554044503,2.8759603646835723,169.59217347907799
65.84876698138612,51.5782384013364,398.2565066080729
55.81975739497622,22.352286961011956,105.52902004834756
315.76589893898466,92.0959735210562,527.3964408808981
0.2689568224664458,0.5545578854169659,0.276501427943882
73.22060505137428,126.15749067222802,422.77066641599083
22.699783897052377,50.82392543451754,45.616958157887986
61.04295911182947,14.788263116056994,121.20110253085294
85.00486314968202,96.5603423339922,619.6390632769716
60.02937632310481,72.55025287428163,652.0595085953321
122.70167352063845,11.567377530768853,428.43032711084516
127.84049068519907,99.0700951044896,615.5544767195821
4.900113023990268e-07,5.146568169112314e-07,5.147350566398416e-07
1.2543135817149873,1.5679398502455693,1.1613727406896375
73.5046876314043,324.3661682672933,465.1574747012445
2.199823645921902,2.8762644256712155,2.3312074458092615
111.29166217284317,68.58608580808949,529.4150935442947
75.95134002646324,151.65846352549798,607.291360137601
80.08891673973578,204.44526939123884,489.9638325713893
70.06612916089256,37.853539040938635,127.16160741667073
238.14190440794536,4.516958280143437,104.86348169504
94.80057652391325,34.609362094805604,546.3167530131225
83.14290025971047,134.82187833357125,334.0316915454768
12.869887886583527,15.03567081146265,13.44007553102611
79.20549665203066,104.37964040614614,497.7231877171811
66.66603043509505,7.667500408687042,552.8020455943583
13.792729609060023,16.790720729252147,14.485055182652907
121.55033372255016,83.91694008351621,590.1973861489521
55.91108306076471,246.53150574430612,551.0208025124693
48.36767382547625,13.220197081254039,88.33559124894956
74.61614965528744,44.31262302652283,401.1766424226377
167.96265330194822,94.324159652967,531.5101366654511
35.09741341146518,12.364586463227889,63.58822965960478
1.0404992668531523,0.29942497964088866,0.7752277485046102
89.57410536636608,72.09352927582394,747.7654291918715
95.76985190315656,365.1558687057609,307.1627812920052
9.676048815839119,11.399663111692028,10.127016636040102
68.2404480353064,125.72918560843581,478.72961356078633
57.986326188911505,101.5776484790656,344.81258330855945
44.86212553235734,31.32489298638717,83.51134928852754
88.16175596361057,62.48901812357064,297.34173592299027
105.02353065418488,39.75817040497119,568.9161832008606
57.23330534676005,123.12097251666724,107.62529396319475
69.26429893412391,99.86787554735903,382.7292710356875
92.32256174899622,0.42906590184838134,297.5797853480152
99.93286833193157,36.9797523793683,353.1716328046028
41.14577661760756,171.0454508040952,260.70417739630545
105.91700863619144,95.42577127911356,171.15034155090376
89.41639137499999,195.5969738611373,485.0336085195397
102.08311247037982,33.91221846117759,323.5378581718748
62.44319708956513,28.993153431732054,121.69227362145054
0.5790329215033565,0.7737940284579755,0.6110997720925118
98.41820160416559,54.17974749261078,457.2874381667939
15.173958272168155,2.0290431949546996,15.793816176307834
87.24716699366753,201.97890736541757,517.9817978486933
103.38124945201047,30.85696071515044,313.0518003799665
52.72741180515671,64.15281287721308,179.54501086420942
119.98942257891035,66.59813610365272,653.6648608213131
116.42691300113138,19.80505589000221,416.647882661305
79.1811187534043,112.16314677932276,424.67756292125915
67.0597822191936,182.16000647937756,291.8554247122378
6.4925785158238405,1.538028973932257,6.8039599537701
87.1257606646748,62.65049338084404,378.2405457776618
29.312619434858508,1.6392873454844925,362.68602023764373
87.5976011489252,108.60492785630879,506.354378562679
109.37315872804884,128.67746747110135,521.1760067262056
88.4444648041831,75.50964250881468,155.71499700675955
77.09647962852792,290.61455057231507,271.17895849339754
72.10181271194537,26.946781847082203,363.8439730271331
82.12376197011058,22.417933922497358,252.46038646681703
46.6033006242745,25.15201581703796,84.27758224719452
62.655482442049326,26.717301936706445,509.87584165844083
68.41706832794337,19.449897302437428,508.6422086803357
98.16604652820543,101.52029443071687,524.8191403435333
95.00023866331149,130.82973143204353,517.6276403747019
117.68736634808404,84.14299533515121,534.6269739701221
78.81461787448859,40.32543923168646,263.5226728329205
56.33534092397328,18.71342143479921,559.925634352572
68.75663384110194,80.59583125164352,399.05381581535147
28.44573846021763,32.07066012153931,29.303920256850763
81.17692117278686,34.63016310054409,143.05121509337116
62.54435447921089,102.41868666747773,492.6213524744453
75.98771165909552,30.662199775913567,429.3455143763192
346.9105147600042,117.65109282385986,136.92407658860395
113.61747366205275,40.60297903023046,348.3595255115156
81.41461740057677,143.38619133887522,621.9872632449791
53.93868225816127,165.22598714233257,98.4409168280513
57.434273375048555,37.2399254931041,371.1503013608716
15.044292088020086,28.34718043797698,15.58185914874899
70.45227697454149,56.232871085048345,499.66574077889567
87.00646200700743,205.50242107171428,285.23307210828045
89.47440407733176,18.925275177889194,455.36305751694516
56.210549847192524,31.839566236690672,101.19976679093833
28.311559512165037,193.5048331821823,517.54324305383
96.37294775165529,76.11150684418405,517.6440597022487
87.17768601320027,117.45160913033008,466.67985614218514
83.24391055798986,113.25305383067727,586.6772162480411
73.51146410618254,30.116059537031866,373.89304059243744
64.82939218954054,138.53832624345702,305.8279418867567
84.27375049639262,79.81305729673103,681.8607287258233
99.92725405912303,93.57219112134295,274.16902534642946
80.68918681653842,159.6731503895019,441.21786459639344
86.03802096593199,62.08914445445179,119.89288031013484
68.37180511828643,1.6208201274595757,335.14958413329106
56.098501639786384,144.946000155132,273.7550620285248
76.12669070353162,23.35450098279519,517.2703837470493
39.99094851508842,21.051886187352682,68.98776096501008
42.90693801410783,20.83832869775045,43.50657361460648
94.01144171491303,36.35201519605169,602.5930046007409
29.18982508710265,44.715881949526725,55.02913566369258
29.348643906955534,28.586046786380468,30.864959268305956
44.638427361304316,32.62214650559958,464.7970537835885
98.90893483662177,63.13587209030215,304.3719395698404
0.37187010858592995,0.11808991615890552,0.39107675156022426
73.52786619238377,84.87875582746881,226.83794101475328
84.45288479604898,36.79762495108084,668.0248099729133
66.23787506811217,6.8255136650512105,68.09315455317214
59.86018986060298,64.00243259554779,546.6141771766947
62.53455028105586,93.76339465074012,507.65511024588056
58.04527817879311,20.645775119345046,208.91401808612798
75.17166925410173,61.164755464865884,660.9119770265567
21.715285042535292,18.31280521451439,22.65254095010919
66.7800752242185,84.95898207239017,370.99041851359345
77.61410033457257,21.1321674584617,358.78069604102456
81.43064780237715,64.25025141963857,606.6714178719488
1.2186991516864247,72.08463773020604,413.053986899724
48.18871608861352,8.373093953421618,87.11153205584131
143.8780275342594,51.31932594695575,651.2708945463244
77.8524698655715,126.78149533693325,369.5572096348402
84.23504919642211,87.48535898930233,246.2483118914538
80.37228358806729,43.63981143796421,427.43285077152996
81.36274802848521,79.00819905016957,456.38001478870075
76.64435174123999,37.43665853240849,722.1393893100882
1.2221546530409904,137.80200263973285,158.2446345126005
107.82743761127333,9.200834339508999,498.87280461408864
18.250921343196655,23.91522136429086,14.507367654682803
64.93578233430163,103.46766126063345,341.33747561796554
0.017979080495589272,0.5484772056314702,4.986044656755428
54.23856219411156,40.59185736027424,184.0638493387222
4.745540922523867,1.8339141220151314,5.009186515981155
89.35272538376621,18.473770227009645,307.62023865527095
442.6384263227303,335.8713687171951,394.6027155649208
11.271551831815922,9.886998795370882,11.740426260932905
90.36013860369974,64.65789784330991,425.8749545123711
32.563517558329444,21.972356342354075,33.124504574652455
18.78153008730995,17.05583256922559,18.063122654966282
153.62727169655415,41.152346654134384,567.8797985001702
74.48992131029745,46.154092131931215,414.4651162252267
50.480873456165966,91.44384378033912,436.1482938460107
77.20700604367038,295.5750777996911,560.1756901522423
39.15218907006614,41.18725057006951,133.67959865063605
91.45335267121511,70.77851607920208,506.30729479072454
61.04261974560024,47.78627046619457,514.1591325295991
58.64471930206793,114.26450001597365,207.8977354232867
57.98899774139207,37.06562565840954,106.00035561813048
86.13902796518504,59.65601738870569,335.56509781141744
84.49228775184856,104.36284367587483,87.94877752273153
77.84469466182072,26.44800580499019,132.99385188407467
88.71815528196119,133.0328294418184,389.5517398842109
70.9285609086595,165.8957624062475,134.84237587070788
95.25439389669882,76.9620493413591,427.4282003379175
52.24781211276596,10.298575175500924,96.11391674223282
76.58588274630415,21.53742621970796,537.7484911078076
9.112521540725588,15.836792978229516,9.530256632704587
6.643467334286408,9.309708800238756,6.938637018952535
59.6917681730642,24.916383711881014,500.8073623049917
76.58529100953237,331.9000355407033,273.9072722212241
58.44287432366717,166.47618472139501,109.92037850859462
51.49764046450314,49.30112580517807,162.12482573328458
66.00226686821942,76.0446538191401,461.9828339099836
71.59146788605884,16.8504592364418,262.32255584528
0.04058955301867783,0.026928833256332305,0.0424714025262465
5.625241728914735,9.808576812091097,5.872098869562964
0.3623621423479926,0.5418927355139553,0.3815070782193951
32.22259032690361,50.16982251690046,32.24723195956135
78.26858716844472,105.36653845029352,425.88179660478136
34.00826108867932,10.534244701914695,60.77189146443328
36.52796813034825,42.417992103558795,61.75905216373847
39.88087139157751,22.577698494426095,75.02264945275859
116.11356013792428,68.9602658046268,535.1413673166213
96.89089644264787,27.056597102087977,430.2693927112412
54.627796464763385,115.26829869923401,597.2035557622179
104.19664503694025,44.06996241657591,289.40963824539284
120.24112727948692,62.69312300399812,351.0874369366188
83.70104417469037,46.33597627370411,511.67098489051637
72.62841120091727,265.4840924967723,384.4612196484893
47.37778115547683,69.43130391199941,288.0017683628461
43.8266398299806,29.263056317580443,80.2945062846844
86.49632370324791,48.215408618672164,489.0790904789747
68.62894174700209,50.43018592324783,359.46851766675076
111.3286337318097,130.98896675264376,164.51797959685808
94.24261432466746,63.75304233934958,505.8984562673386
100.1280228360275,53.80527480815846,395.5524559945835
121.19463254670913,201.23135337672673,744.9984215292492
81.26125836110877,30.174930976111582,393.1153371555286
57.769040859709044,95.08447950385707,296.9204846193436
94.24701919051637,26.0427751037389,491.79335845494074
62.494702639926935,26.89263269597651,203.82720067631493
51.44177680312097,21.584281265493964,175.84669749795285
71.27410047274525,53.400004830429985,267.4729184155706
50.79143999544143,77.18590337175054,478.76868123318394
79.14819878150858,65.0921990968382,442.68568366218966
77.55902527440668,37.98403241742425,126.01757162102086
102.43765515024928,27.845407620606945,491.4625765392981
63.872001613599025,51.24465394724683,483.86717538710565
67.67424952098234,32.65163990902424,484.6939492720719
87.8054570654451,50.424267074338985,427.5386203169885
69.63021125165342,5.91215974579333,221.6474436924943
91.97796643953454,107.37545787152665,506.8510505589162
0.008113722436412556,0.008628654298322096,0.008502171432347229
77.46464717269636,128.23179303366942,664.2003179397833
36.194203891890496,26.262928105697593,32.54809454591632
65.98884721339924,40.3832928067251,543.5969171502159
21.31121975835422,36.68132369819019,599.8607047001011
92.59050596536086,30.733727184151242,556.2529803097374
57.65769932523466,84.38485358928264,100.92805411813504
63.7775858813704,36.75677239402488,529.661249119809
125.32801789710167,60.13760937926719,458.19278568796636
96.93730472091089,144.35747099292095,643.1985567915748
92.97795767105943,116.87211993181394,592.0646847000297
64.92647958020902,48.56237305232508,572.0853100578366
86.6020587408733,192.35322068654233,460.6535516383862
92.6257882179172,21.92792684037711,302.21597266893787
112.14219238270807,88.53222514109639,438.0380509444019
54.74488761483365,75.47608215039075,492.2262492249231
72.89042989715999,61.66914589629922,243.21548049685867
82.97185331321626,20.964942083425203,269.70038211843286
80.213555540308,15.568875758874452,265.4949493782462
46.86889799134901,23.037497613610167,80.9165168968318
99.13896907161475,71.36884732699704,530.2033950645018
87.64924624568378,40.364289940289474,418.6278333244095
118.09755585840854,56.80257326801411,524.9101778316085
122.51876119720647,14.394363484707819,367.3744600528649
72.32244412809706,64.9107780315496,380.356248886242
62.486699904023205,231.41430123017994,579.3613824063691
17.807226913792498,6.769517663605127,18.279658049014525
112.39581760171369,37.35475550578819,482.6969349581872
0.06931670546917434,0.016144478926410244,0.06625257734047607
95.70971827795421,154.82402696993657,529.4550222520285
126.95920304169987,41.684302900577215,293.56932835468314
54.52746417460292,20.367375077015666,401.9255843182029
13.644836833313269,23.435164354146675,14.276992413856417
73.45432554548309,56.653211043839434,346.8676484092729
86.74610120044458,276.47164750121584,343.67397165962245
107.36104588489992,160.0715379380054,415.6598801909588
88.22367786132759,57.17841679284922,270.20625608059487
6.564666768389186,9.355461101658936,6.796754847775088
103.36883233513777,156.31080184639404,151.7368758749605
72.68587807959598,78.36272307509077,415.59403037308385
90.47513266318731,117.68220773267035,170.83605451568147
111.77649111094395,39.999893480550455,578.7180754480498
47.864869130062935,22.781130138668875,315.21245443485776
58.87796784377848,132.33747467636232,317.0646192386248
77.35155742110015,118.72741507801635,793.5570052620508
83.42794781723072,114.47428649771923,289.3883025727201
93.25298433896485,64.94863289026867,468.04715330922966
88.25484659661267,183.14833209644874,581.2171749621033
146.23898481592948,52.26979947327168,665.7210655794273
81.81900776862656,154.56770412602975,143.50912246794627
57.85395120477686,59.321120319557124,323.1776644536769
52.125135077024446,18.263753301104323,323.81762321435497
44.19501290703317,0.41214085906724984,156.42299575348207
85.77693573586622,25.15773159592361,422.4796505220582
77.34360222623262,68.41714665956196,528.5146152124909
67.18480141164686,92.0818240586821,453.76165653478307
73.82074978796284,91.3178155913672,124.27449405300567
63.01282275217241,17.571521818597134,126.4674118683743
89.60947495907024,13.825133365323882,135.02806971166893
94.1466763242573,74.35328654547459,514.3021254757595
96.38911474552607,61.50582772113242,157.6225778128883
73.18078623336474,7.554931712538283,122.14532811813704
70.82391198120486,65.13400140824554,67.85634983509867
80.31540631129701,16.564898808585326,369.48530749102264
54.30297687478704,85.85578416770879,103.86747553969472
123.83981070735076,31.886530533353643,368.0887967524841
66.99486849864758,148.30672101480562,547.3097975862146
80.91796303011196,65.14666575884243,521.7737561700004
102.35357701784861,45.99961648316125,386.52842293048985
88.88963945644306,20.911353234963123,443.96747651851797
87.71217330895355,342.69844704339687,880.4961075052058
101.05890490716182,35.911823065107214,410.65928375429246
12.828160203425883,21.10874645457456,13.762383507759248
13.020427322155648,1.1015214112428269,13.12459424214196
1.6570746921876656,2.252527596808529,1.7397084044425815
84.82436119870475,26.28862839029826,510.62461114381193
97.03298293808909,47.32976141417801,298.65545243893126
54.186765777863855,109.26972921321966,304.67401107183946
113.86635404600682,211.86957761768633,168.5168472899423
68.72363654843005,51.43291825754281,578.9223055699046
72.69931268772747,30.121605588785705,653.0785847742887
115.1310965232888,20.30385155110254,451.4403346978857
65.79574803584003,259.16354908724867,264.57309982619205
82.08346677852096,78.6929303075805,553.5913649891257
64.0271989217923,43.03730137736067,503.4050389700951
108.87982354414412,110.0203105166438,463.54459393388004
106.87959499774821,36.37543773697218,299.40194854978137
73.95926809000724,161.2062870717608,446.30171014219627
112.42726762259325,27.891305818810515,451.1828882453517
102.3319903947606,3.795288459268033,353.2715823234761
68.64561864774565,144.0579268425812,442.12975766683155
75.62087329406933,24.979802152548242,127.71150524830725
68.73381202377257,28.62188768957816,423.5144944068228
14.698682354014426,5.52157887580841,14.789718429974464
71.86127592046056,42.40486549829288,618.8584265781176
31.69898640332771,46.50961843793343,561.5025006833855
72.11151000076508,18.72794595616991,323.8686120686483
25.512970637939357,31.74349037586904,26.359643812236822
127.13949383857154,28.340619790404567,517.880240231271
108.39603444961443,374.37633141690964,597.1044526778901
63.10099189833329,71.62815296567686,378.41645892188683
86.27821748013828,76.73659476179434,281.0017123528389
66.39710355913785,20.940071089285468,127.3583885868608
87.62585939838287,11.744280573576008,394.9202208414669
104.64808383708775,283.5722685882298,537.0546072817814
99.51920485828366,1497.8539509282475,615.0500224530639
32.13362774264734,27.25185253733533,33.45088072703813
57.579868103801296,61.653665816503015,345.5003712081771
66.05193931398023,80.17673687266186,365.62226622448236
11.624643303517404,11.008711877010764,12.034547865868214
110.24247550536049,47.479060247150265,630.6828936085407
126.95614017448004,58.85476685088958,576.065916290424
22.68041183737611,5.529250961382605,22.99223033351201
38.82509444331584,7.294142755847254,39.492973769725694
92.58722821267999,99.90346247880187,463.03822805361375
0.13164321150120908,0.19353530124145232,0.13844131845172913
62.9721297278183,70.6309022622826,381.33123001856484
3.1594622190718438,4.117607981115152,3.3115994212917057
55.25731179983269,38.391736048906765,567.1425699841349
96.62475461504668,121.20848643082168,790.9667259246734
76.22553549379877,49.78694885856232,406.4980383815938
77.9336641324354,67.40144388338244,227.84385424686698
69.2493179771597,8.270232885752149,136.2023479893574
105.18554347107171,159.3943664521343,606.7432080436184
89.50497888399872,60.00001903064259,597.2059099918304
82.58139095072507,37.97289605908859,248.79960676119768
47.2486938699019,165.07273817357662,86.58423644690268
58.83773953303856,15.705401415573059,101.74540665267841
70.22429344383275,19.144233389675353,603.457654390927
110.59918623793068,53.953806560749626,546.1310603622757
5.629480265992129,0.9627681005508419,5.868717565608294
55.350863902111556,70.37999600012391,97.16308115888715
96.78213233625748,51.20055749721162,348.4253643116385
8.791723444450978,6.679126885151001,9.62482265416863
104.92308439448828,64.58162453201298,276.89800597236086
13.451425318556577,2.4629370301522506,14.0532555346653
93.62035374473922,111.50211747621256,570.8471151577328
48.99054999904601,91.72474239663141,92.36601718011684
52.09306311890413,200.0873552247051,595.8941338416074
80.5949937142188,7.4691033997706215,592.030457144912
104.6262170695122,129.61993791471772,315.5133358817977
15.418140258036164,8.128094849154738,15.994720346005778
66.021649242531,36.31762253657929,452.92517026711545
71.53424621754803,61.57288568811779,563.0734236031915
75.25626054355878,18.49390586931308,451.9895528142572
0.35512228646522276,0.3139207478677362,0.37388172957863725
63.851845708352236,77.79785478205686,452.2289706551245
4.243272780875402,1.6467661122533004,4.515207957071085
71.29463459463786,18.244275961902165,431.45697191988535
87.02501363824067,85.51827335758855,573.9604226227366
56.99261510840754,54.565209958095764,181.12136677538317
87.3075370135357,125.14509545869782,694.2108142184675
59.8108242962759,83.86915487013066,59.06793883533905
67.21171025335529,12.3120550313956,373.2638323179215
18.74625540848002,6.6129244956072215,19.590180332204056
63.54163308903058,82.62141111774322,422.8984079046737
59.20359184101501,0.1119433272060516,52.681524835028
98.41020915219309,30.989055536869433,690.4680898775122
84.82561854693407,3.818516590537153,364.58441095475496
34.47004341023168,58.9463349495762,37.07971618146292
78.58410350136862,23.63548599002409,487.5596468533269
87.4078045326383,2.747362045481327,288.0160119447119
56.79161672025506,49.259886823357775,461.9623876801246
41.882280687790804,30.287956915819098,41.84679373200056
73.90789689475564,65.02359368158515,448.9315191544109
70.74571989987079,155.7700713699121,676.0302108858606
113.97601942111154,82.10588124718949,536.6931268490018
80.31496004490248,5.932803710297425,452.3047141467298
89.96473176121961,142.62634346741916,160.03364169044178
135.99318587900726,117.53146334394448,226.75432068656448
101.4925331135477,21.770453693572357,113.59869647214575
68.06130545879374,106.9291480656367,426.5924565867533
63.82619251594516,10.323950737619038,114.82299960127197
63.585162520817576,125.41634536375464,101.44917454465347
58.78277513323051,49.19559190901338,118.35116417512194
103.09056296308664,183.36080833810425,543.670942116808
64.5820272919767,34.372266528197244,214.83703257325456
96.57665364362607,70.8260643218827,613.5233173836086
76.69357651094143,77.89887518172353,228.03359774363773
45.21888070767153,6.989781940056407,45.822326055109016
71.95382626761878,71.40211501006345,752.3027925200378
85.54236427436355,86.49701977978123,264.05248180867574
64.8412637938566,21.19186449318792,447.56049498551886
91.178600273216,40.843266889154954,300.6429522522577
60.096259931415794,179.65301553236446,205.46026712932675
12.73794052949659,5.007891624869563,13.241587796555892
92.18162031441548,26.7503448331291,721.3189129431488
70.04472425470802,57.2487661200887,439.0240649857279
116.37844528744324,34.36949385931539,454.28756456268576
112.03321724348403,252.2308647207805,503.3431129396204
78.72984861196637,86.80773598206297,378.715002507398
79.67664832798783,109.48279174844858,392.27266499711646
71.76544969118356,50.75447363852902,553.6683273925587
52.461265936423175,75.28574448754313,584.6518078897386
84.69823341398286,157.27151911043293,356.71834844578706
71.04232914672133,136.3387167571956,516.3967274209288
116.46594665086155,118.88571897801302,388.085390373483
10.88801773542486,4.147467712456112,11.390621868510696
72.26894259841441,76.07633433065834,546.3875261951891
50.269505076424295,30.831543375547618,94.55006635168158
38.09113003631462,9.728885712247871,70.41951560549873
53.92602540840935,17.277894583695346,188.65864835982813
104.21394082995904,56.957769462622494,278.84270654501375
57.20002724752052,40.61253481088291,110.04655850778258
74.92236543501059,65.78728843015216,472.7494437490758
149.29975918147866,54.42761624045762,533.8530720390868
65.5825244971575,15.392021587492449,193.1442041853665
48.39388259578292,15.844039060504475,48.50409421788393
79.9638337727592,261.0421190355037,397.9186501801041
79.21726186198588,62.85944319510482,362.8320431200956
89.88828363512638,25.236158627400037,155.0786042895688
121.32985144986175,1099.4602704171928,402.0495953460814
89.50106344747586,45.62611680928076,161.2812690271097
58.96623021925283,74.31504870975373,106.84550141817806
106.84480511182605,90.39757722538435,705.2673417493025
34.87232970598012,1.3506888266392263,36.18697281214375
82.8746318853594,44.3709312306571,501.52598027362524
11.754321739357996,0.3524439474109009,12.260959913760027
36.123613746664084,23.184528258830863,67.1336099802017
25.337711870496165,8.117922157598878,26.465597343766788
56.956111709860416,15.220542384834149,103.42069729049126
45.02549961636232,31.712260482178838,47.84441766523789
69.98959669583367,32.08588922949904,375.5215175857884
98.7723559421616,144.03087892056197,651.6596020482039
94.22725487597535,1442.9035412022697,560.9306636048728
53.04432298947836,59.150526336615016,338.52260382326864
49.756523989077465,0.5735403150458628,167.6015634696716
89.1773758702585,25.958400620854164,382.9519606745559
126.96059107538389,47.235706635337934,497.4807821391209
79.75896973596986,57.30960386879116,498.8954927277713
72.00205862348689,84.17054812782702,842.0417740771076
40.46448879046429,52.31636646840525,449.3020468085711
31.452742539888437,51.25172009122909,33.93917863079519
92.10959896917163,27.539782699452417,427.4167504260975
63.98283529664398,39.91426445070606,63.38384979695953
53.057810457484365,9.037966133112304,56.222213301414754
68.53599065034415,40.92335844831331,227.84769765121476
76.31937635053775,135.6918434837061,134.00741069933215
72.4081347895279,116.43849032126694,355.13473423214555
117.63599310101078,534.0899642525673,477.9612861283265
68.91012322169944,96.6752953038527,777.799793000861
11.895536812331706,88.04730666222004,410.70103378973704
68.6754325251331,72.32747753945513,646.3779950227864
117.05603384980384,85.31287539018409,470.4469452306753
104.69638955459469,102.78523953393501,462.4277591933361
62.01000199795814,17.76345957070198,217.85027944605034
131.729570314886,66.90167641535963,536.1494376717405
40.03003448277099,106.19077742811282,69.26001200747902
109.23575507634887,147.82272165567787,655.6159238124451
61.98292640108063,98.68669053703637,281.82203338731966
113.81651840279473,48.16497945683663,542.7967957905082
91.65067645915131,6.714499788368,387.7230638661732
82.08235376428026,114.70096661435012,264.8590204291709
32.408736598716295,102.0839130805757,546.0266907970847
157.36650034834412,89.3301904274292,569.9318203125941
56.63600287223129,124.39468352842519,448.49326439714935
101.6838913123593,24.3561305124877,313.42739714448135
73.58419291940422,106.52690604927784,487.9707633839433
62.44052724476372,179.39372226471207,560.6830873804149
95.95965157112637,130.58867250664454,537.4737348076627
64.83050275639405,72.38310399266871,458.88065727914005
45.753638952846735,28.850139403547082,85.2324092742381
64.4602540653003,116.48649036336438,336.1646670812751
54.97958107542188,87.11333078633412,488.58802089001733
62.440240524717886,49.110731291728044,315.16926551173987
78.17215493372179,85.32064107809991,574.4346675111699
50.95203836000857,4.561473990032056,177.45193179911527
79.7591941261424,103.84674694039245,713.1967316474057
54.17251921376168,29.213162520165035,91.22307694710848
71.0202677227695,93.3291150662793,383.34848093032264
66.50682356661305,42.27410707187114,358.7973229351964
81.49286200569696,67.14612476807588,408.84706793262075
58.54006741860663,99.74833649438206,450.8294680053894
98.7310774570786,392.96480789331616,471.71380388540564
33.70980018672915,17.30413411550942,61.479928534866644
63.156337724955826,54.29923578982946,613.34460578451
151.80641630850724,42.11247315736224,582.9321605587929
61.772173957163815,150.99276138351914,380.69443489519244
24.379606988407975,6.577593216252026,25.396004432604684
16.981039345324444,47.27462632991748,28.43132945816535
131.29057939025608,28.1913277033913,486.2883001386676
77.98139664333719,21.37110746495818,519.3873482095825
101.16013582450876,20.349146779638097,198.04185195087675
100.03853199467379,137.29476994254313,385.44836540896114
80.2873469378883,17.068364314158757,244.3282468265306
77.6712416774729,93.53203577377367,457.43618659612804
112.03995347874184,89.7311131843017,675.489650693433
92.97477297160691,126.50364237369072,672.8310431864381
33.210176247461234,21.458204178879686,57.460285392797395
81.63237370206134,56.05586422383582,296.37699641379146
108.84622840201683,139.36223712681084,346.5660701516287
5.602457425306321,4.1519842299066685,5.830329739826391
98.88364173756553,87.66376787686717,310.52232949040496
80.71476709760174,23.69736051072225,533.1407012967258
101.15404945071177,63.23909517269891,468.7165740097006
109.88184924555273,15.382915328463257,450.23564546182854
92.460012783902,88.6256833104101,419.9072188539739
68.69685742729366,315.01243798750676,387.0841731888087
95.96854267552817,90.26627704641672,348.50836655337963
91.51486410733892,52.16988499412445,230.5734864446138
83.3878226619043,7.672587195208033,602.3599705270129
123.43767802126092,66.51312444018129,693.1231957227426
42.16038790143345,104.52873249743905,80.2438957215991
89.6137056228506,48.64689269362012,137.39143940527146
68.83030557865182,46.708794880907014,317.23937156668995
69.69068740983204,34.62976148659464,395.45889855459023
78.29242370655705,35.36036747172228,662.9391128300928
83.80850196590777,122.00361710382558,422.41025116446934
138.26020356756365,122.01642501336931,488.09989748216015
119.41682348769349,63.201676737713385,456.766414323535
67.56180414723117,102.77100394864688,461.1574768329627
57.024254281878896,9.218193387436429,351.66761556380726
80.41567500257918,56.70667559543323,446.99022120515986
83.48404581149312,345.9332721937916,536.1521764764345
72.4897768854499,37.76869756644311,575.4919123908184
77.63782564029732,69.67198266919603,387.68397718389235
64.235883304616,53.44781386018499,427.70961626510785
68.28784992415447,81.49889660319042,484.4190337235133
74.41861776501374,151.15138379636787,451.88089644075404
100.85210474573094,90.82558309167672,506.84283183092026
13.587639438463412,5.834089060383081,14.132990256626258
98.31927281655128,38.37011253380478,489.84378164014845
73.95579443907674,88.13990423318472,380.90065521751893
53.28549176633218,74.94567696459934,276.01721532883846
77.05261347855502,58.6423179998821,447.0118845260855
19.349252917431482,11.336766894710065,20.37772467028709
95.78753831458572,127.15159953264559,640.6674622008603
83.62954872267673,68.10833208413351,566.8944495575959
76.44474405234851,48.68790896235354,602.4821480291781
57.54325858663684,46.89888737561091,406.19061994716185
87.01898387848314,25.478531315771907,337.14412122288456
61.1717643909507,137.71425316324556,110.65501367517602
44.57655856208492,65.99367799093562,77.49407741477022
44.70167063923765,4.121707706601279,47.20429702834423
117.02949449363062,215.67815074744263,477.467601205021
60.65259461250939,96.43207473885873,425.7533106861911
78.28524811591642,44.28354252809714,549.9911420934209
80.18994715000636,82.53039082146339,582.6911371191903
5.339441042775061,9.847561501677163,5.554013020544023
81.58764085360424,178.83810966634627,327.0052636253087
59.59722761243573,63.729008341809326,108.98106465822569
91.03911362071443,44.65381949364572,347.753010587217
49.284690202063636,68.7084482213421,93.89768167640916
48.340287439744095,191.32853811787922,616.299806104913
91.94825724936227,12.030825645539391,469.95270536771335
83.28316727423709,24.698619233688607,616.373715354796
73.34717219156434,152.4815687039559,452.8185550091716
111.2414511534803,89.44971082949847,581.8830773874491
86.47591458069223,47.6584259407366,418.4268893502691
26.007494997337915,13.21837118419272,27.130444586374352
64.38884570308659,41.73878714823974,506.4527767850696
81.88301525458361,52.928069963605616,487.433406441415
46.978249993932906,114.783182123113,84.2416869154172
62.652133986843886,64.37679232982507,366.16064492706823
87.35053347821082,19.186938063420655,139.39448591391516
50.758274286109454,9.634388882915957,90.1013444268072
3.8474254984393124,1.7746604151241794,4.066445132094655
98.37720353181169,46.92747380861485,546.2498213806713
52.48424264921065,3.826232838425669,93.8769794210996
125.30454149798535,103.39251804038516,392.680816418381
82.27094284208542,110.79489607248073,439.6317286229465
69.33835043200378,116.46621824313658,488.0753555935123
5.218784764789869,2.695678967543337,4.949248737505676
69.36485432366356,5.420918719849354,234.78558882789346
80.27281260283776,64.66421015228583,530.2780956424016
121.77017121482804,20.16032701897538,599.4816172366039
74.64482991077112,90.0796747797766,452.83545466759904
3.247415335794319,5.466675332111834,3.2382458548636532
91.0536941779585,47.15964274267354,539.6333332175518
126.96868975318712,68.87808370314839,504.53818517495444
82.53182192973313,36.150886105490514,258.06776631596813
67.3961703017372,91.68307851857465,369.86937305227286
24.02487453956089,391.84523127594144,312.6540949180142
72.77289140126166,68.58684012596493,560.8145916869323
27.052401432666727,4.468570393641543,27.810121473466253
159.87438466807967,171.3226637294672,520.0299969527215
114.76302864770642,75.4205706448019,503.81622445426666
86.2894862604451,16.44972875982878,612.8292889750386
53.72464831943426,9.090448351969568,179.19714685861328
0.6547906585364638,0.33479636321647666,0.6893636669368206
24.284692501728838,30.92264970674182,16.4425617717477
76.46592336672452,32.60709044466998,475.5200689846679
71.33632292929556,58.19730048786361,418.127966879387
61.68200566453251,10.32748312293681,193.67614167790222
72.29279397354715,39.291879910404944,492.97892114583715
76.64275323700066,94.27267174069412,617.388371858526
64.56323121545728,390.89526554944734,314.3329627565941
24.466472688869118,21.22630374953035,24.79544472408341
158.13990743113544,127.35679905905224,397.83353907541266
60.5542519323913,73.18033018592052,432.2821714749549
108.78618222009426,56.599300557725066,395.19228142758595
24.467170373316332,70.92980773488952,90.01593620460598
102.68169705714038,31.611998033028264,333.9839458485802
77.19225470495702,33.96611949545249,480.1270415694216
88.2854225551477,146.28346418425375,416.51153841616343
54.67804872685734,0.07766886914212523,96.55409643162028
117.53679276708097,108.2047842391974,364.20997768626523
4.584742638022548,3.9321541981997092,4.763787120144564
49.561556920145286,7.50785484002893,330.464014230291
94.02089828140632,351.7892553483574,298.6613821401824
106.40532228566674,92.6207154696575,268.69409778779544
75.9537650664546,63.49832449285947,451.19504714330475
67.19640517168766,74.72993608182644,369.8829149540553
43.71240870402695,80.56504464141463,42.6588675079939
59.91677132332544,57.72312068622246,86.64874258331696
112.16864709909073,164.69724171299987,409.83984454359694
72.2966830289101,20.668215601588834,373.9720305291632
1311.2287615022483,27.924459367962175,436.0971029431089
81.58818359269722,154.77286449975182,572.2103421805081
0.9317936978781014,0.9381911856185777,0.9728018292084252
114.26312022428772,25.77491111663374,446.0303149591481
80.90629967837317,90.48259842349033,504.76939179940996
93.48936962078945,351.09073247197944,757.0042012344372
82.65038269746377,12.306586787998409,760.0646125882663
107.196521940524,64.5998705843644,701.8895177988845
0.5231542839274568,31.115635300502866,37.774724263935084
80.70903097850223,23.590627673396057,303.2445923701414
126.95805397374006,67.79679409579798,437.90008970179036
76.89693189550773,66.05566274377829,661.8880113687895
72.18645487056362,24.531833261818072,447.2091783721658
71.97585726964157,202.14458439173066,548.7451389601555
20.616541597705194,9.623050942568305,19.319215103675518
49.31554876396913,20.536407287187213,89.0272538909982
35.89442872169538,10.913998450663211,65.85351071977615
65.89251508268062,72.0596323601887,480.0127913057026
43.12027352955465,18.749252686620448,33.8628730467486
89.87874122888094,190.31561013437147,230.31118280723018
119.15574489529459,59.29788739286643,318.2103827936591
117.84231522478557,642.4903113802847,428.3304773327681
103.17730823052061,62.52396862843775,492.25503300951385
182.24773449239063,165.2900433013368,747.4334039641367
85.77373877783094,83.64056034329337,347.37707438232576
81.82776238647662,6.0646682299719865,590.1133395112579
68.50191762742476,7.536259972978759,399.3966017521903
76.50599108205307,112.23317061701849,139.46383931288955
43.53700572868784,44.82930170221081,414.2031404791293
58.250460683026226,168.8900029107764,174.61780458500118
44.435622776797494,79.10261641036568,86.00235127227829
112.61528524177261,52.310538136049196,319.7126500135891
0.28517273881020877,0.5082907623463617,0.30059175626881984
47.79209674590018,2.223812898597602,44.43569356841675
33.500871744714615,22.432500149524067,61.07278867112798
