turn,qucb_mean,ucb_mean,thomp_mean
0,0.005376056038585823,0.005376056038585823,0.005263224724238523
1250,5.28348982948751,5.462108581055636,4.442881919261225
2500,10.113903140753449,10.267195089879344,7.567787152151799
3750,15.726131637287383,14.627595278459905,10.080931989565071
5000,17.757394727892297,18.766904193594524,12.233006795724483
6250,20.60261668644966,22.673060950939856,14.05117947313372
7500,24.52904016409656,26.382769153495637,15.684113390572149
8750,26.49776599812002,29.982946906165147,17.16417116008081
10000,27.39763878271422,33.527134646742375,18.50208232119484
11250,29.919593604305994,37.10594752716365,19.76074005059821
12500,32.337745372149946,40.4698963521531,20.91350347682963
13750,33.99158097889909,43.74013123224734,21.9943628796689
15000,35.645416585648235,46.99540205547806,23.010856865219903
16250,37.2992521923974,50.24272232774988,23.971772614865447
17500,37.47714042748779,53.19060106969177,24.891790447645395
18750,38.12052812802344,56.24386978070238,25.77416392558691
20000,39.44439659860289,59.134017605184006,26.64039743650216
21250,40.81734102528478,62.022503039473904,27.457829160076717
22500,42.21068281990506,64.76961338225057,28.243779486717038
23750,43.604024614525315,67.49476484221316,28.99799343647336
25000,44.69714222684248,70.20494386279286,29.73376667664287
26250,45.3955206365019,72.84504410681622,30.452490658717153
27500,46.093899046161305,75.4143288796703,31.141113057453534
28750,46.79227745582072,77.949489619947,31.802170142455484
30000,47.49065586548013,80.4466517639849,32.44785633269924
31250,48.189034275139555,82.92390087657589,33.0761514781669
32500,48.887412684798974,85.3665370769073,33.68050278113491
33750,49.05048040128672,87.82182577811533,34.269792278081425
35000,49.285247523230545,90.11824999598511,34.84653854878133
36250,49.91515199950146,92.58002550876395,35.40960806152006
37500,50.525797951592395,95.0068587053148,35.94877224746762
38750,51.123690253362,97.31740925935401,36.46885587954321
40000,51.72158255513163,99.80240246791813,36.97802000658962
41250,52.30349634162673,102.07642684889841,37.47043463773116
42500,52.85255455025907,104.2783805276696,37.951732065054266
43750,53.40161275889143,106.31580437333159,38.42409123203992
45000,53.95067096752395,108.56030903532826,38.8951886950706
46250,54.49972917615647,110.76176427319919,39.359509598404074
47500,55.048787384788994,112.9948715175779,39.817946770490195
48750,55.597845593421546,115.17645720898898,40.267657792348
50000,55.94628467844343,117.19685365296169,40.69818222018925
51250,56.23681308860865,119.20249407209764,41.120323694533994
52500,56.52734149877384,121.39703623577074,41.53563347586429
53750,56.817869908938995,123.37089329915315,41.94345480079618
55000,57.108398319104154,125.27777223667285,42.34579464431503
56250,57.398926729269306,127.31949406171296,42.73525684258953
57500,57.689455139434486,129.27072480258397,43.12353439838803
58750,57.97998354959966,131.23525233403194,43.509323401634845
60000,58.27051195976483,133.13294791230527,43.89243683618214
61250,58.561040369929984,134.93352919626804,44.26872555876316
62500,58.85156878009515,136.948955324067,44.640223495981445
63750,59.14209719026031,138.80747379072602,45.00350220319018
65000,59.43262560042549,140.69970843069194,45.36753116893847
66250,59.56750288997447,142.41259077785296,45.73113030242537
67500,59.63017635271495,144.2343239916633,46.085780960873265
68750,59.85898800734791,146.1366490777366,46.434972644434154
70000,60.12821223948285,148.05591654690048,46.778634268308544
71250,60.46075227579441,149.76208297387686,47.11898793767811
72500,60.79329231210596,151.62350812085495,47.45727977319969
73750,61.12377973541761,153.39098033074296,47.79096536799333
75000,61.438501950549366,155.2785932016664,48.11982241496336
76250,61.75322416568113,157.088854698954,48.447191469986656
77500,62.067946380812884,158.86861427526648,48.76947518552617
78750,62.38266859594466,160.6627561170601,49.090297426161975
80000,62.69739081107643,162.47954034928327,49.40399522703025
81250,63.0121130262082,164.22114265366932,49.7139383610935
82500,63.27364474898518,165.97009277666132,50.01709199609603
83750,63.4940575805092,167.71331792496076,50.3164473490927
85000,63.71447041203321,169.54891299532324,50.61387728579494
86250,63.93488324355722,171.27988492710617,50.91194387891825
87500,64.15529607508118,172.97327819878578,51.20744303069699
88750,64.3757089066049,174.67596854544755,51.50506769736536
90000,64.59612173812862,176.3138843876451,51.80181090582485
91250,64.81653456965235,178.0662715702743,52.093504392748656
92500,65.03694740117606,179.73860510045594,52.382484292210236
93750,65.2573602326998,181.29049911188957,52.6718802168034
95000,65.47777306422353,182.8374724351598,52.95719577205173
96250,65.69818589574726,184.55483387093895,53.23283913283771
97500,65.918598727271,186.2598880063042,53.50600198759181
98750,66.09901091464093,187.91342311415903,53.772813225079084
100000,66.23231432945342,189.45254394162137,54.03723877812023
101250,66.3656177442659,190.82563824313468,54.297110615047174
102500,66.49892115907838,192.3760688213208,54.55395174346272
103750,66.63222457389084,193.89994669932554,54.808823973307405
105000,66.76552798870333,195.49270147078786,55.06271797442911
106250,66.89883140351579,197.2118093506313,55.31406799062819
107500,67.03213481832826,198.71729640451142,55.56270582561356
108750,67.16543823314073,200.2941280330235,55.81376186589694
110000,67.2987416479532,201.72715534955515,56.0621661895098
111250,67.43204506276567,203.1813739829837,56.31217299157427
112500,67.56534847757814,204.65988195506347,56.561131042582886
113750,67.6986518923906,206.0550043869881,56.80654081350643
115000,67.83195530720307,207.59908725191084,57.05032691808383
116250,67.96525872201555,209.14464277601496,57.29181444926924
117500,68.09856213682801,210.69834413415742,57.53188077537698
118750,68.23186555164047,212.30313299703306,57.77092007215062
120000,68.36516896645293,213.94254841284607,58.01311750560717
121250,68.49847238126539,215.45852692833833,58.25662100694718
122500,68.63177579607785,216.92914898592412,58.49514549380279
123750,68.7650792108903,218.3687644976687,58.730335715987856
125000,68.89838262570275,219.85980969499755,58.96465340221969
126250,69.0316860405152,221.21095296992857,59.20459495155079
127500,69.16498945532766,222.70124727279784,59.442228327691815
128750,69.29829287014012,224.12747738805095,59.67750789602257
130000,69.43159628495259,225.7046927786781,59.91030682443097
131250,69.54239775684049,227.162727939492,60.138931130039765
132500,69.5846738944501,228.5170845433122,60.36379728291126
133750,69.64758250912449,229.998978788377,60.590273363916964
135000,69.7242920196727,231.53177286354543,60.814801924419974
136250,69.92534507419194,232.86341829343803,61.03460823219774
137500,70.13114879567352,234.13932760894406,61.25269973013013
138750,70.33695251715511,235.44744718480345,61.46802034371195
140000,70.52821296395662,236.82514474787916,61.68322691754978
141250,70.71290275587944,238.1917822243551,61.895473762203416
142500,70.89759254780226,239.39312812922614,62.1069728843079
143750,71.0822823397251,240.75988015902578,62.319118667315585
145000,71.26697213164793,242.08919422499443,62.5324385153132
146250,71.4516619235708,243.49551548105836,62.744419174540596
147500,71.62733478839614,244.77553928871728,62.95606301725311
148750,71.74649458687777,246.07866434652342,63.16231578669961
150000,71.86565438535942,247.27722921359847,63.367132334249156
151250,71.98481418384108,248.5347610505157,63.57113568383493
152500,72.10397398232274,249.95422317625577,63.77359513016315
153750,72.22313378080442,251.4216104365713,63.97578062591252
155000,72.34229357928608,252.7457196132511,64.17633756465368
156250,72.46145337776774,254.13565078137043,64.37636770357321
157500,72.5806131762494,255.49184801984876,64.5722249467017
158750,72.69977297473106,256.6857219291628,64.76558241630812
160000,72.81893277321272,258.01818128012445,64.96109013908425
161250,72.93809257169441,259.32445959130695,65.1553094034437
162500,73.05725237017607,260.563259180161,65.34728349433564
163750,73.17664225094438,261.9108400875762,65.53771175205627
165000,73.30281675328696,263.3072687304301,65.72899837440181
166250,73.42899125562955,264.69431268372335,65.91948568436699
167500,73.55516575797213,265.9804756726745,66.10845023983536
168750,73.68134026031473,267.20477422377377,66.2984535842874
170000,73.80751476265732,268.484922662718,66.48828363128199
171250,73.93368926499991,269.77790138989934,66.67814558949289
172500,74.05986376734252,271.0212031283396,66.86737099058611
173750,74.18603826968513,272.2237773646695,67.05659636205714
175000,74.31221277202773,273.4604191177776,67.24441707098197
176250,74.43838727437036,274.6328073596721,67.42982239338238
177500,74.56456177671298,275.9458862931711,67.61012402175997
178750,74.6907362790556,277.2108898769871,67.79085464331541
180000,74.8169107813982,278.67529147790424,67.9673618820893
181250,74.94308528374081,279.8537852110266,68.14382900190829
182500,75.06925978608342,281.0051932749993,68.31760181748598
183750,75.19543428842604,282.1591935845197,68.49095941973556
185000,75.32160879076865,283.37617583139627,68.66471074638758
186250,75.44778329311124,284.57109208224585,68.84045079369497
187500,75.57395779545385,285.82178785550667,69.01281798019676
188750,75.70013229779646,287.01571303146216,69.18380511785537
190000,75.82630680013906,288.2413701992458,69.35716423680773
191250,75.95248130248167,289.4863576001873,69.52872578190618
192500,76.07865580482428,290.63361119311395,69.69797593806291
193750,76.20483030716689,291.8053892261761,69.86503019555126
195000,76.33100480950948,293.0263157808817,70.03158838733881
196250,76.45717931185207,294.0760311625886,70.19870475133438
197500,76.5344841242098,295.28318799374915,70.36506493918826
198750,76.6011195305669,296.4359902291255,70.53348065095044
200000,76.66775493692404,297.4737506900427,70.7036650909007
201250,76.73439034328115,298.499515514047,70.87103162649431
202500,76.80102574963827,299.4373553816515,71.03483816248564
203750,76.86766115599538,300.4227845355751,71.20109898203167
205000,76.9342965623525,301.4969703123981,71.37178772330141
206250,77.00093196870962,302.52416352196565,71.54464802810915
207500,77.06756737506673,303.60196590785677,71.71502013309454
208750,77.13420278142387,304.7616014757795,71.8847028484659
210000,77.20083818778097,305.8359807415818,72.05161567667876
211250,77.26747359413811,307.0268751693569,72.21683388040506
212500,77.33410900049523,308.2314799245935,72.3811544342494
213750,77.40074440685238,309.36439287202995,72.54290372334869
215000,77.4673798132095,310.5305223805182,72.7025178597407
216250,77.53401521956664,311.8020330334461,72.86374320514194
217500,77.60065062592378,313.005087401606,73.02363051012401
218750,77.66728603228093,314.16493165927056,73.1815289703595
220000,77.73392143863805,315.38037692242017,73.33903339087063
221250,77.80055684499519,316.661455131009,73.49500487781897
222500,77.86719225135231,317.8000910238635,73.64824794682436
223750,77.93382765770944,318.8904192222834,73.80216267042627
225000,78.00046306406655,320.03111892189617,73.95506579821438
226250,78.06709847042369,321.0007015062717,74.10661205205322
227500,78.13373387678081,322.12681603302775,74.25938033270278
228750,78.20036928313793,323.18008912975057,74.41057991762897
230000,78.26700468949505,324.09650215527546,74.56103789476484
231250,78.33364009585219,325.11724866010894,74.71307328136066
232500,78.40027550220931,326.24799870683506,74.86384936355114
233750,78.46691090856642,327.28138076462227,75.0131588406889
235000,78.53354631492356,328.2150572757569,75.16243044243282
236250,78.60018172128068,329.24700554442614,75.3105711056227
237500,78.66681712763781,330.36509147305094,75.46159484833609
238750,78.73345253399494,331.47823119858333,75.60966678891498
240000,78.80008794035207,332.7118347098705,75.75803335444152
241250,78.86672334670918,333.7924340545125,75.90584120071576
242500,78.93335875306633,334.89988770441397,76.05240207177312
243750,78.99999415942345,335.95498408793344,76.19740420494743
245000,79.06662956578059,337.00633720881154,76.3445557719079
246250,79.13326497213771,338.0284718357818,76.48996800402413
247500,79.19990037849486,339.0417270956876,76.63391065031833
248750,79.26653578485198,339.9807505805112,76.77678174074013
