turn,Random,Greedy,EpsilonGreedy,UCB,ThompsonBernoulli
1,0.2886,0.5999999999999998,0.5999999999999998,0.5999999999999998,0.29460000000000003
2,0.579,0.5999999999999998,0.5999999999999998,0.5999999999999998,0.5357999999999999
3,0.8676000000000001,0.8112,0.8238,0.8171999999999999,0.729
4,1.1454000000000002,0.9444000000000001,0.9774,0.8634000000000001,0.894
5,1.4436000000000004,1.0782,1.1292,0.951,1.0302000000000002
6,1.7466000000000004,1.2006,1.2624000000000002,0.9876000000000001,1.1442000000000003
7,2.0496000000000003,1.3308000000000002,1.3968000000000003,1.0482,1.2438000000000002
8,2.3514,1.4532000000000003,1.5204000000000002,1.1580000000000001,1.3386000000000005
9,2.6538000000000004,1.5756000000000003,1.6446000000000003,1.2354,1.4148000000000003
10,2.9490000000000003,1.6950000000000005,1.7604000000000004,1.3080000000000003,1.4862000000000002
11,3.2598000000000003,1.8180000000000003,1.8720000000000003,1.3974000000000002,1.5564
12,3.5496000000000003,1.9392000000000003,1.9722000000000002,1.5942,1.6074000000000004
13,3.8400000000000007,2.0616000000000003,2.0718,1.6872000000000003,1.6632000000000002
14,4.1466,2.181,2.1708000000000003,1.7352000000000003,1.7094
15,4.439400000000002,2.3016000000000005,2.2614,1.8576000000000001,1.7562000000000002
16,4.7376000000000005,2.421,2.3406000000000002,1.9218000000000002,1.7982000000000002
17,5.045400000000001,2.5391999999999997,2.424,1.9830000000000003,1.8324000000000003
18,5.3454,2.6567999999999996,2.505,2.0454,1.866
19,5.6544,2.7744,2.5902,2.1138000000000003,1.8900000000000001
20,5.953800000000001,2.8914,2.676,2.265,1.9182000000000003
21,6.2586,3.0083999999999995,2.7618,2.3616,1.9428
22,6.555599999999999,3.1253999999999995,2.8272,2.4168000000000003,1.9674
23,6.8514,3.2423999999999995,2.898,2.4906,1.9866000000000001
24,7.158,3.3593999999999995,2.9688000000000003,2.5991999999999997,2.0166000000000004
25,7.4544,3.476399999999999,3.0372,2.6622000000000003,2.0346
26,7.748999999999999,3.592199999999999,3.1031999999999997,2.7096000000000005,2.0580000000000003
27,8.044799999999999,3.708599999999999,3.1721999999999997,2.7768,2.0784000000000007
28,8.340599999999998,3.8249999999999993,3.2483999999999997,2.85,2.0952
29,8.630999999999998,3.9413999999999993,3.3257999999999996,2.916,2.1138000000000003
30,8.921399999999998,4.0578,3.3906000000000005,2.9778000000000002,2.1318
31,9.221999999999998,4.174200000000001,3.4506,3.0918,2.1492000000000004
32,9.515399999999998,4.2906,3.516,3.1674,2.1636
33,9.817199999999998,4.407,3.573,3.2568,2.1774
34,10.108199999999997,4.5234000000000005,3.6318,3.3252,2.187
35,10.408799999999998,4.6398,3.6966000000000006,3.3816,2.2014000000000005
36,10.717799999999997,4.756200000000001,3.7518000000000002,3.4368000000000003,2.2116000000000002
37,11.031599999999997,4.872600000000001,3.8106000000000004,3.5166000000000004,2.2278000000000002
38,11.321999999999996,4.989000000000002,3.8664000000000005,3.577200000000001,2.244
39,11.605799999999995,5.105400000000001,3.9246000000000003,3.6156,2.2565999999999997
40,11.909399999999996,5.221800000000002,3.9798000000000004,3.6750000000000003,2.271
41,12.217199999999997,5.338200000000002,4.030800000000001,3.754800000000001,2.2824000000000004
42,12.512399999999996,5.454000000000003,4.086600000000001,3.8058,2.2914
43,12.805199999999997,5.5698000000000025,4.146600000000001,3.8634000000000004,2.2956000000000003
44,13.113599999999995,5.685600000000003,4.189800000000001,3.9762,2.3040000000000003
45,13.407599999999995,5.801400000000004,4.245000000000001,4.02,2.3106
46,13.727399999999994,5.917200000000005,4.303800000000001,4.0680000000000005,2.316
47,14.011799999999996,6.033000000000004,4.347600000000002,4.1202000000000005,2.325
48,14.305799999999996,6.148800000000004,4.3992,4.158600000000001,2.3310000000000004
49,14.599199999999998,6.264600000000004,4.447800000000001,4.192800000000001,2.3406000000000002
50,14.894999999999996,6.380400000000005,4.504200000000001,4.2324,2.3466
51,15.184199999999997,6.496200000000004,4.549800000000001,4.266,2.3586000000000005
52,15.488399999999999,6.612000000000005,4.602000000000001,4.3296,2.3628
53,15.797999999999996,6.727800000000005,4.645800000000001,4.365600000000001,2.3741999999999996
54,16.105199999999996,6.843600000000006,4.690200000000001,4.4106000000000005,2.3868
55,16.408199999999997,6.959400000000005,4.741200000000002,4.4772,2.3928000000000003
56,16.707,7.075200000000006,4.7844000000000015,4.5384,2.403
57,17.004,7.191000000000005,4.828200000000001,4.578600000000001,2.4102
58,17.31,7.306800000000006,4.870800000000001,4.638000000000001,2.4132000000000002
59,17.610599999999998,7.422600000000005,4.913400000000001,4.6896,2.4198000000000004
60,17.9154,7.538400000000007,4.951800000000001,4.735200000000001,2.4264
61,18.217800000000004,7.654200000000007,4.996800000000001,4.7718,2.4341999999999997
62,18.5202,7.770000000000008,5.032800000000001,4.816200000000001,2.4414000000000002
63,18.8214,7.885800000000007,5.077200000000001,4.8564,2.4468
64,19.134000000000004,8.001600000000007,5.112600000000001,4.9026000000000005,2.4564
65,19.417800000000003,8.117400000000007,5.152800000000002,4.929600000000001,2.4642
66,19.709400000000002,8.233200000000007,5.186400000000002,4.962,2.4708
67,20.00400000000001,8.349000000000009,5.222400000000001,4.995,2.4768000000000003
68,20.304600000000004,8.46480000000001,5.263200000000001,5.028,2.4816000000000003
69,20.601000000000006,8.580600000000008,5.306400000000002,5.0676000000000005,2.4912
70,20.914200000000008,8.696400000000011,5.341800000000002,5.1228,2.5031999999999996
71,21.20340000000001,8.81220000000001,5.368200000000002,5.1983999999999995,2.5092
72,21.495600000000007,8.92800000000001,5.407200000000001,5.252400000000001,2.5152
73,21.807600000000008,9.04380000000001,5.440800000000002,5.2776000000000005,2.5188
74,22.11060000000001,9.159600000000012,5.469000000000002,5.307,2.5218000000000003
75,22.41420000000001,9.27540000000001,5.497200000000003,5.3418,2.526
76,22.70580000000001,9.391200000000012,5.521800000000001,5.373600000000001,2.535
77,23.005800000000015,9.507000000000012,5.560200000000003,5.4174,2.5410000000000004
78,23.299800000000012,9.622800000000012,5.589000000000002,5.4618,2.5446000000000004
79,23.607000000000014,9.73860000000001,5.628000000000002,5.5104,2.5518
80,23.90520000000001,9.854400000000012,5.661000000000002,5.5542,2.5572000000000004
81,24.187800000000014,9.97020000000001,5.690400000000001,5.581200000000001,2.5644000000000005
82,24.475800000000017,10.086000000000013,5.729400000000002,5.628,2.5686000000000004
83,24.799800000000015,10.201800000000015,5.760600000000001,5.6688,2.5746
84,25.087200000000017,10.317600000000013,5.805600000000002,5.7174,2.5782000000000003
85,25.385400000000015,10.433400000000015,5.837400000000002,5.7522,2.5836000000000006
86,25.687200000000015,10.549200000000015,5.866200000000003,5.7828,2.5884000000000005
87,25.99200000000002,10.665000000000015,5.901000000000002,5.8224,2.5926000000000005
88,26.29500000000002,10.780800000000013,5.926800000000001,5.8584,2.5968
89,26.599800000000016,10.896600000000017,5.962800000000003,5.897399999999999,2.6016000000000004
90,26.88960000000002,11.012400000000016,5.998800000000002,5.937600000000001,2.6052
91,27.201000000000022,11.128200000000016,6.023400000000001,5.9724,2.6088
92,27.485400000000023,11.244000000000014,6.052800000000001,6.012,2.6112
93,27.78360000000002,11.359800000000018,6.0870000000000015,6.048,2.619
94,28.100400000000022,11.475600000000016,6.123000000000002,6.0792,2.6232
95,28.405200000000026,11.591400000000016,6.160800000000001,6.118799999999999,2.6274
96,28.702200000000026,11.707200000000018,6.193800000000002,6.1482,2.631
97,29.01360000000003,11.823000000000016,6.223800000000002,6.1728,2.6358
98,29.314800000000027,11.938800000000018,6.254400000000001,6.2021999999999995,2.6388000000000007
99,29.628600000000027,12.054600000000017,6.288600000000002,6.237,2.6435999999999997
100,29.934600000000028,12.170400000000019,6.3282000000000025,6.2741999999999996,2.6466000000000003
101,30.24000000000003,12.286200000000019,6.363600000000003,6.3072,2.6496000000000004
102,30.540000000000028,12.402000000000019,6.395400000000001,6.3348,2.6514000000000006
103,30.844200000000033,12.517800000000017,6.428400000000003,6.3624,2.6562
104,31.158600000000032,12.633600000000019,6.460800000000002,6.396599999999999,2.6586000000000003
105,31.466400000000036,12.74940000000002,6.496800000000002,6.4308,2.6634
106,31.765200000000032,12.865200000000021,6.5298000000000025,6.4698,2.6663999999999994
107,32.061600000000034,12.981000000000021,6.5664000000000025,6.5123999999999995,2.6694
108,32.36340000000003,13.09680000000002,6.5946000000000025,6.5472,2.6736000000000004
109,32.66340000000003,13.212600000000016,6.630000000000002,6.5778,2.6784
110,32.96580000000004,13.328400000000016,6.659400000000002,6.606,2.679
111,33.25020000000004,13.444200000000015,6.692400000000003,6.63,2.6844000000000006
112,33.54300000000004,13.560000000000015,6.728400000000002,6.6612,2.688
113,33.84000000000004,13.675800000000013,6.765600000000002,6.6852,2.6916
114,34.13640000000004,13.791600000000013,6.799800000000002,6.706199999999999,2.6952000000000003
115,34.42440000000004,13.907400000000012,6.835800000000002,6.7391999999999985,2.6994000000000007
116,34.72200000000004,14.02320000000001,6.8682000000000025,6.7703999999999995,2.7078
117,35.01000000000004,14.139000000000008,6.8934000000000015,6.8064,2.7126000000000006
118,35.30220000000004,14.254800000000008,6.921000000000002,6.835799999999999,2.7156000000000002
119,35.59200000000004,14.370600000000007,6.957000000000002,6.865200000000001,2.718
120,35.88840000000005,14.486400000000005,6.984600000000002,6.8976,2.7234000000000003
121,36.19020000000004,14.602200000000005,7.0176000000000025,6.924600000000001,2.727
122,36.490200000000044,14.718000000000004,7.053600000000002,6.9552,2.7318000000000002
123,36.78060000000005,14.833800000000002,7.081200000000002,7.0013999999999985,2.7336
124,37.072200000000045,14.9496,7.115400000000002,7.0398,2.7354
125,37.383600000000044,15.0654,7.144800000000002,7.070999999999999,2.739
126,37.70400000000004,15.181199999999999,7.168800000000003,7.097999999999999,2.7414
127,38.00280000000004,15.297,7.198800000000001,7.125599999999999,2.745
128,38.31780000000005,15.412799999999997,7.231800000000003,7.148999999999999,2.7516
129,38.62500000000004,15.528599999999996,7.2672000000000025,7.169999999999999,2.7546000000000004
130,38.92560000000005,15.644399999999994,7.2996000000000025,7.195199999999999,2.7594000000000007
131,39.22800000000005,15.760199999999994,7.327200000000002,7.219799999999999,2.763
132,39.52080000000005,15.875999999999992,7.366200000000002,7.2474,2.7641999999999998
133,39.82800000000005,15.991799999999992,7.399800000000001,7.2768,2.7666000000000004
134,40.13400000000005,16.10759999999999,7.423800000000001,7.2984,2.7696000000000005
135,40.428000000000054,16.22339999999999,7.456800000000002,7.3218,2.7714000000000003
136,40.73040000000005,16.33919999999999,7.489200000000002,7.340999999999998,2.7726
137,41.043000000000056,16.454999999999984,7.513200000000003,7.3668,2.7738
138,41.330400000000054,16.570799999999988,7.545000000000002,7.384199999999999,2.775
139,41.63100000000006,16.686599999999988,7.580400000000002,7.404599999999999,2.7786000000000004
140,41.938800000000064,16.802399999999988,7.612200000000002,7.441799999999999,2.781
141,42.23160000000006,16.918199999999985,7.642800000000001,7.471799999999999,2.7858
142,42.53640000000006,17.033999999999985,7.6674000000000015,7.499999999999999,2.7882000000000002
143,42.82320000000006,17.14979999999998,7.696200000000002,7.522199999999999,2.7924000000000007
144,43.113000000000056,17.265599999999985,7.726800000000001,7.546199999999999,2.7948000000000004
145,43.41900000000006,17.381399999999978,7.754400000000001,7.5756,2.7984000000000004
146,43.731600000000064,17.497199999999978,7.782000000000002,7.602599999999999,2.8026000000000004
147,44.02440000000006,17.61299999999998,7.810200000000002,7.630799999999999,2.8056000000000005
148,44.329200000000064,17.72879999999998,7.843800000000002,7.655399999999998,2.8086
149,44.62620000000006,17.84459999999998,7.879200000000002,7.684199999999999,2.8116000000000003
150,44.92740000000007,17.96039999999997,7.908000000000002,7.705799999999999,2.817
151,45.22920000000006,18.076199999999975,7.932600000000002,7.729199999999999,2.8176000000000005
152,45.526800000000065,18.19199999999997,7.966800000000001,7.754999999999998,2.8206
153,45.82080000000006,18.307799999999972,7.997400000000002,7.782599999999999,2.8236000000000003
154,46.12020000000006,18.42359999999997,8.034000000000002,7.805399999999999,2.8278000000000003
155,46.40820000000007,18.53939999999997,8.063400000000001,7.823999999999999,2.8302000000000005
156,46.69680000000007,18.65519999999997,8.0958,7.847399999999999,2.832
157,46.98360000000007,18.77099999999997,8.125800000000002,7.867799999999999,2.8331999999999997
158,47.29200000000007,18.886799999999965,8.150400000000001,7.889999999999998,2.8368
159,47.584800000000065,19.002599999999962,8.174400000000002,7.913999999999999,2.8386000000000005
160,47.869800000000076,19.118399999999966,8.202600000000002,7.933799999999999,2.8434000000000004
161,48.181800000000074,19.234199999999962,8.2362,7.955999999999998,2.8482
162,48.47640000000007,19.349999999999962,8.269200000000001,7.9788,2.8512000000000004
163,48.78600000000007,19.46579999999996,8.2992,8.0064,2.8518000000000003
164,49.08600000000007,19.581599999999963,8.3244,8.025599999999999,2.8566000000000003
165,49.383000000000074,19.69739999999996,8.355600000000003,8.043599999999998,2.859
166,49.68540000000008,19.81319999999996,8.384400000000001,8.058599999999998,2.8608000000000002
167,50.00700000000008,19.928999999999956,8.4216,8.0766,2.8656
168,50.30460000000008,20.044799999999952,8.454,8.093399999999999,2.868
169,50.60340000000007,20.160599999999956,8.494800000000001,8.109599999999999,2.871
170,50.904000000000075,20.27639999999995,8.520600000000002,8.135999999999997,2.874
171,51.20100000000008,20.392199999999953,8.545200000000003,8.160599999999999,2.8776
172,51.52500000000008,20.507999999999953,8.571600000000002,8.184,2.88
173,51.82500000000009,20.62379999999995,8.605200000000002,8.2068,2.883
174,52.13040000000008,20.73959999999995,8.631,8.234399999999997,2.8866000000000005
175,52.426800000000085,20.85539999999995,8.663400000000001,8.260199999999998,2.8884000000000003
176,52.74180000000008,20.971199999999946,8.689800000000004,8.283599999999998,2.892
177,53.037600000000076,21.086999999999946,8.720400000000001,8.310599999999999,2.8956
178,53.33580000000009,21.202799999999943,8.7552,8.337599999999998,2.898
179,53.62740000000008,21.318599999999943,8.782200000000001,8.3628,2.8992
180,53.908200000000086,21.434399999999943,8.816400000000002,8.387399999999998,2.8998000000000004
181,54.210000000000086,21.55019999999994,8.8482,8.411399999999999,2.9028
182,54.509400000000085,21.665999999999936,8.883,8.4378,2.9058
183,54.816600000000086,21.781799999999937,8.9082,8.453399999999998,2.9106000000000005
184,55.12980000000009,21.897599999999937,8.935800000000002,8.473799999999999,2.9136
185,55.41960000000009,22.013399999999937,8.969400000000002,8.496599999999999,2.9154000000000004
186,55.72560000000009,22.129199999999937,8.9898,8.515799999999997,2.919
187,56.04180000000009,22.244999999999933,9.020400000000002,8.541599999999999,2.9196000000000004
188,56.34000000000009,22.360799999999934,9.055200000000003,8.562599999999998,2.922
189,56.62620000000008,22.47659999999993,9.084600000000002,8.5848,2.9232
190,56.93400000000009,22.592399999999934,9.123600000000001,8.608199999999998,2.9268
191,57.23160000000009,22.70819999999993,9.162600000000003,8.634,2.9316000000000004
192,57.52980000000009,22.823999999999927,9.194400000000002,8.657399999999997,2.934
193,57.80880000000009,22.939799999999927,9.219600000000002,8.6838,2.9352000000000005
194,58.10820000000008,23.055599999999927,9.253800000000004,8.699399999999997,2.9364
195,58.404000000000096,23.171399999999927,9.285,8.714399999999998,2.9388
196,58.69800000000009,23.287199999999924,9.315600000000002,8.730599999999999,2.9424
197,59.007600000000096,23.40299999999992,9.348600000000003,8.750399999999997,2.9436000000000004
198,59.30520000000009,23.518799999999924,9.375600000000002,8.765399999999998,2.9454
199,59.599200000000096,23.63459999999992,9.408000000000001,8.7762,2.9478
200,59.9070000000001,23.75039999999992,9.437400000000002,8.797199999999998,2.949
201,60.20220000000009,23.866199999999917,9.471,8.816399999999998,2.952
202,60.4830000000001,23.981999999999918,9.498,8.8338,2.952
203,60.786000000000094,24.097799999999918,9.527400000000002,8.851799999999997,2.952
204,61.0764000000001,24.213599999999914,9.557400000000001,8.870399999999998,2.9544
205,61.386600000000094,24.329399999999914,9.585600000000003,8.890199999999998,2.9562000000000004
206,61.71360000000009,24.445199999999918,9.615600000000002,8.906999999999998,2.958
207,62.019600000000096,24.560999999999915,9.6516,8.928,2.961
208,62.302200000000084,24.67679999999991,9.6834,8.949,2.967
209,62.601000000000084,24.79259999999991,9.7086,8.971799999999998,2.967
210,62.89380000000009,24.90839999999991,9.7374,8.983799999999999,2.9688000000000003
211,63.18780000000009,25.024199999999908,9.762600000000003,8.990999999999996,2.97
212,63.484800000000085,25.13999999999991,9.7962,9.005399999999998,2.9711999999999996
213,63.79140000000008,25.25579999999991,9.825,9.0198,2.9718
214,64.09260000000009,25.371599999999912,9.854400000000002,9.037799999999999,2.973
215,64.39920000000008,25.48739999999991,9.8874,9.059999999999999,2.9747999999999997
216,64.72080000000008,25.603199999999905,9.913200000000002,9.083999999999998,2.976
217,65.02020000000007,25.718999999999905,9.9372,9.1068,2.9766
218,65.30700000000007,25.834799999999905,9.9684,9.126599999999998,2.9766
219,65.59560000000006,25.950599999999906,9.996600000000003,9.146999999999997,2.9778
220,65.89980000000007,26.066399999999902,10.023600000000002,9.164999999999996,2.9814
221,66.19860000000008,26.182199999999902,10.053600000000001,9.190199999999997,2.9861999999999997
222,66.49560000000007,26.297999999999902,10.0884,9.208199999999998,2.9874
223,66.80280000000006,26.413799999999902,10.1178,9.226199999999997,2.9892000000000003
224,67.11060000000006,26.529599999999895,10.147800000000002,9.250199999999998,2.9898000000000002
225,67.42860000000006,26.645399999999896,10.174800000000003,9.266399999999997,2.9922000000000004
226,67.73100000000005,26.761199999999896,10.205400000000001,9.2838,2.9958
227,68.03160000000005,26.876999999999896,10.238400000000002,9.302399999999999,2.9963999999999995
228,68.32860000000007,26.992799999999892,10.2696,9.321599999999998,2.9982
229,68.62860000000006,27.10859999999989,10.2954,9.339599999999999,2.9988
230,68.93460000000006,27.224399999999893,10.327800000000002,9.358199999999997,3.0006
231,69.23880000000004,27.340199999999893,10.361400000000001,9.372599999999998,3.0023999999999997
232,69.54300000000005,27.45599999999989,10.3908,9.388199999999998,3.0036
233,69.85560000000005,27.571799999999886,10.429800000000002,9.406799999999999,3.0048000000000004
234,70.16040000000005,27.68759999999989,10.4562,9.423599999999999,3.0084
235,70.46940000000004,27.803399999999886,10.485600000000002,9.444599999999998,3.0108
236,70.76640000000005,27.919199999999883,10.513200000000001,9.461999999999996,3.012
237,71.05800000000005,28.034999999999883,10.539,9.475199999999997,3.0144
238,71.35740000000003,28.150799999999883,10.564800000000002,9.488999999999999,3.0144
239,71.65920000000004,28.266599999999883,10.599600000000002,9.503999999999998,3.0168000000000004
240,71.95920000000004,28.382399999999876,10.6254,9.5238,3.0216000000000003
241,72.27480000000001,28.49819999999988,10.6536,9.5382,3.0234
242,72.57960000000001,28.613999999999876,10.6806,9.554399999999998,3.0252
243,72.87120000000002,28.72979999999988,10.708200000000001,9.572399999999998,3.0276000000000005
244,73.18200000000003,28.845599999999873,10.7382,9.587999999999997,3.03
245,73.48680000000002,28.96139999999987,10.7664,9.6108,3.033
246,73.79220000000001,29.077199999999873,10.797000000000002,9.620999999999999,3.0342000000000002
247,74.0898,29.192999999999873,10.8282,9.639599999999998,3.036
248,74.37960000000001,29.308799999999874,10.863,9.649799999999997,3.0378000000000003
249,74.6742,29.424599999999867,10.893,9.663599999999999,3.039
250,74.96579999999999,29.54039999999987,10.9212,9.682799999999999,3.0413999999999994
251,75.26279999999998,29.656199999999867,10.9512,9.697199999999999,3.0431999999999997
252,75.56519999999999,29.77199999999987,10.979400000000002,9.711599999999999,3.0468
253,75.86219999999999,29.887799999999864,11.0088,9.731399999999997,3.0498000000000003
254,76.158,30.003599999999867,11.037600000000003,9.745199999999997,3.0516000000000005
255,76.45739999999999,30.119399999999864,11.070600000000002,9.759599999999999,3.0552
256,76.76759999999997,30.235199999999864,11.097000000000001,9.772199999999996,3.0576000000000003
257,77.06999999999996,30.350999999999857,11.131200000000002,9.785399999999997,3.06
258,77.35739999999998,30.46679999999986,11.1552,9.798599999999999,3.063
259,77.66159999999998,30.58259999999986,11.177400000000002,9.8148,3.0642
260,77.95079999999997,30.698399999999857,11.218200000000001,9.834599999999998,3.0653999999999995
261,78.24839999999996,30.814199999999854,11.244599999999998,9.848399999999998,3.066
262,78.54539999999996,30.929999999999854,11.275799999999998,9.870599999999998,3.0696
263,78.83579999999996,31.045799999999858,11.304,9.883799999999999,3.0713999999999997
264,79.13519999999997,31.161599999999854,11.336400000000001,9.902399999999998,3.0726000000000004
265,79.43939999999996,31.27739999999985,11.3658,9.915599999999998,3.0756000000000006
266,79.74179999999996,31.393199999999855,11.3994,9.927599999999996,3.0768
267,80.04179999999995,31.508999999999855,11.4306,9.943199999999997,3.078
268,80.32979999999995,31.624799999999848,11.4636,9.960599999999998,3.0791999999999997
269,80.62199999999994,31.740599999999848,11.495400000000002,9.973799999999997,3.0816000000000003
270,80.92619999999995,31.856399999999848,11.5278,9.987599999999999,3.0822000000000003
271,81.23339999999995,31.972199999999845,11.5602,9.9996,3.0876
272,81.52799999999993,32.087999999999845,11.592,10.010399999999997,3.0888
273,81.82919999999993,32.203799999999845,11.6184,10.025999999999996,3.0888
274,82.11779999999993,32.319599999999845,11.649599999999998,10.039199999999997,3.0923999999999996
275,82.40699999999993,32.43539999999984,11.681400000000002,10.057799999999997,3.0936
276,82.71179999999993,32.55119999999984,11.7162,10.074599999999998,3.096
277,83.03459999999991,32.66699999999984,11.752799999999999,10.091399999999998,3.0984000000000003
278,83.32499999999993,32.78279999999984,11.787600000000001,10.109999999999998,3.0996000000000006
279,83.64539999999992,32.89859999999984,11.8128,10.122599999999998,3.1031999999999997
280,83.93759999999992,33.01439999999983,11.844599999999998,10.134599999999999,3.1044
281,84.24179999999991,33.13019999999984,11.872200000000001,10.148999999999996,3.1062
282,84.5309999999999,33.24599999999983,11.8956,10.165199999999997,3.1098000000000003
283,84.83639999999991,33.36179999999983,11.922,10.179599999999999,3.111
284,85.12619999999991,33.47759999999983,11.946,10.193399999999999,3.1115999999999997
285,85.4447999999999,33.59339999999983,11.987400000000001,10.204199999999997,3.1121999999999996
286,85.73399999999991,33.70919999999983,12.015600000000001,10.216199999999997,3.1133999999999995
287,86.01719999999989,33.824999999999825,12.051,10.225199999999997,3.1151999999999997
288,86.3261999999999,33.940799999999825,12.0852,10.240199999999998,3.1163999999999996
289,86.6201999999999,34.05659999999983,12.115200000000002,10.255199999999997,3.1176
290,86.92799999999988,34.17239999999982,12.1446,10.267799999999998,3.1182
291,87.24419999999988,34.288199999999826,12.174,10.283399999999999,3.1206
292,87.54239999999987,34.403999999999826,12.204,10.292399999999997,3.1218000000000004
293,87.84779999999988,34.51979999999982,12.230400000000001,10.304999999999998,3.1241999999999996
294,88.15799999999987,34.63559999999982,12.256200000000002,10.313399999999998,3.1254
295,88.44599999999987,34.75139999999982,12.2868,10.319999999999999,3.1278
296,88.74779999999987,34.86719999999982,12.313799999999999,10.327799999999998,3.1296000000000004
297,89.05139999999986,34.98299999999981,12.3468,10.341599999999998,3.132
298,89.33999999999986,35.09879999999981,12.372,10.357199999999999,3.132
299,89.66159999999986,35.21459999999982,12.399,10.372199999999998,3.1326000000000005
300,89.96879999999987,35.33039999999981,12.425400000000002,10.388399999999997,3.1338000000000004
301,90.28079999999986,35.44619999999981,12.4542,10.400399999999998,3.1361999999999997
302,90.58619999999983,35.56199999999981,12.484200000000001,10.415999999999999,3.1374
303,90.88979999999984,35.67779999999981,12.511800000000001,10.429199999999996,3.1392
304,91.18679999999986,35.793599999999806,12.539400000000002,10.444199999999997,3.1404
305,91.48919999999984,35.909399999999806,12.5658,10.459199999999997,3.1428
306,91.76519999999984,36.025199999999806,12.5922,10.472399999999997,3.1446
307,92.05619999999983,36.14099999999981,12.625800000000002,10.483799999999997,3.1475999999999997
308,92.36099999999983,36.25679999999981,12.6666,10.495799999999997,3.15
309,92.65139999999984,36.3725999999998,12.693600000000002,10.511399999999998,3.1506
310,92.94719999999984,36.48839999999981,12.725400000000002,10.524599999999998,3.1523999999999996
311,93.24659999999983,36.6041999999998,12.7626,10.534199999999997,3.1536
312,93.55259999999983,36.71999999999981,12.7902,10.5468,3.1554
313,93.83339999999981,36.8357999999998,12.8178,10.560599999999999,3.1554
314,94.11119999999984,36.9515999999998,12.8478,10.573799999999995,3.1601999999999997
315,94.4135999999998,37.0673999999998,12.871799999999999,10.588199999999997,3.162
316,94.7135999999998,37.18319999999979,12.8952,10.600199999999997,3.1644
317,95.0093999999998,37.29899999999979,12.927,10.613399999999999,3.1668000000000003
318,95.31719999999981,37.4147999999998,12.957,10.625999999999998,3.1686
319,95.61539999999981,37.530599999999794,12.996,10.640399999999998,3.1697999999999995
320,95.92139999999979,37.646399999999794,13.023,10.654799999999998,3.1703999999999994
321,96.2327999999998,37.762199999999794,13.0524,10.665599999999998,3.171
322,96.5201999999998,37.877999999999794,13.0758,10.678799999999997,3.1728
323,96.82199999999979,37.993799999999794,13.109399999999999,10.687199999999997,3.1758
324,97.1309999999998,38.10959999999979,13.1418,10.697999999999999,3.177
325,97.42739999999979,38.22539999999978,13.1778,10.711199999999996,3.1794000000000002
326,97.71659999999977,38.34119999999979,13.215,10.729199999999997,3.1812
327,98.00219999999977,38.45699999999978,13.246799999999999,10.739999999999998,3.1818
328,98.30279999999976,38.57279999999979,13.276800000000001,10.751399999999999,3.183
329,98.59499999999979,38.68859999999978,13.308,10.761599999999998,3.1841999999999997
330,98.88839999999979,38.80439999999978,13.336799999999998,10.774799999999997,3.186
331,99.19499999999977,38.92019999999978,13.367400000000002,10.784999999999998,3.1872
332,99.50399999999975,39.03599999999978,13.399799999999999,10.801799999999997,3.1884000000000006
333,99.80399999999976,39.151799999999774,13.4334,10.814399999999997,3.1902
334,100.09199999999977,39.26759999999978,13.461599999999999,10.827599999999997,3.1914000000000002
335,100.39799999999977,39.383399999999774,13.4892,10.837199999999998,3.1932
336,100.70819999999975,39.49919999999978,13.523399999999999,10.8486,3.1956
337,101.01899999999975,39.614999999999775,13.558200000000001,10.859999999999996,3.198
338,101.31059999999974,39.73079999999977,13.5894,10.874399999999998,3.1998
339,101.59979999999976,39.846599999999775,13.624799999999999,10.884599999999999,3.1998
340,101.90219999999975,39.96239999999977,13.659,10.898399999999997,3.201
341,102.20939999999975,40.07819999999976,13.6908,10.910999999999996,3.201
342,102.50699999999973,40.19399999999977,13.720799999999999,10.927799999999998,3.2022
343,102.80999999999973,40.30979999999977,13.747200000000001,10.937999999999997,3.2034
344,103.10459999999975,40.42559999999976,13.7772,10.948799999999997,3.2034
345,103.40459999999975,40.54139999999976,13.808399999999999,10.961399999999996,3.2051999999999996
346,103.69799999999974,40.65719999999976,13.842,10.972799999999998,3.207
347,104.00819999999972,40.77299999999976,13.8726,10.987199999999998,3.2081999999999997
348,104.30579999999972,40.88879999999976,13.907399999999999,10.996799999999997,3.21
349,104.60399999999971,41.00459999999976,13.9398,11.010599999999998,3.21
350,104.90819999999972,41.120399999999755,13.9722,11.021399999999998,3.2118
351,105.2063999999997,41.23619999999975,14.001599999999998,11.036999999999995,3.2148000000000003
352,105.50159999999971,41.351999999999755,14.036400000000002,11.053799999999997,3.2154000000000003
353,105.81659999999971,41.467799999999755,14.055,11.066399999999998,3.2172
354,106.10339999999971,41.58359999999975,14.0838,11.083799999999995,3.219
355,106.39499999999971,41.699399999999756,14.108399999999998,11.098799999999997,3.2196
356,106.6889999999997,41.81519999999975,14.137799999999999,11.112599999999997,3.2208
357,107.0039999999997,41.930999999999756,14.164200000000001,11.123999999999997,3.2243999999999997
358,107.30819999999969,42.04679999999975,14.1936,11.132999999999996,3.2256
359,107.6087999999997,42.16259999999974,14.223,11.146199999999997,3.2285999999999992
360,107.9087999999997,42.27839999999975,14.2548,11.157599999999997,3.2298
361,108.21779999999968,42.39419999999974,14.278799999999999,11.167799999999996,3.2316
362,108.52799999999968,42.509999999999735,14.306400000000002,11.1786,3.2346000000000004
363,108.81839999999967,42.62579999999974,14.338799999999999,11.187599999999996,3.2358000000000002
364,109.12679999999968,42.74159999999974,14.3676,11.199599999999998,3.2364
365,109.44179999999967,42.85739999999974,14.396399999999998,11.212199999999998,3.24
366,109.74479999999967,42.973199999999736,14.425199999999998,11.223599999999998,3.2411999999999996
367,110.04359999999966,43.088999999999736,14.461200000000002,11.238599999999998,3.2423999999999995
368,110.33879999999967,43.20479999999974,14.488199999999999,11.252999999999997,3.2436
369,110.64179999999966,43.32059999999973,14.5212,11.264399999999998,3.2454
370,110.92739999999966,43.43639999999973,14.554799999999998,11.272199999999996,3.2472
371,111.23039999999966,43.552199999999736,14.5824,11.283599999999998,3.2514000000000003
372,111.53159999999966,43.66799999999973,14.6052,11.293199999999997,3.2526
373,111.82919999999964,43.78379999999973,14.634,11.305799999999996,3.2532
374,112.14539999999964,43.89959999999973,14.667,11.318399999999999,3.2532
375,112.44359999999966,44.01539999999973,14.6982,11.328599999999996,3.2538
376,112.73879999999964,44.13119999999973,14.727599999999999,11.340599999999997,3.2556
377,113.04119999999965,44.24699999999972,14.7618,11.348999999999997,3.2567999999999997
378,113.34179999999964,44.36279999999972,14.793,11.3628,3.258
379,113.63339999999963,44.47859999999973,14.8194,11.374799999999997,3.2586
380,113.92859999999963,44.59439999999972,14.851199999999999,11.387399999999998,3.2603999999999997
381,114.23519999999964,44.71019999999972,14.881200000000002,11.396999999999997,3.264
382,114.52739999999962,44.82599999999972,14.908800000000001,11.411999999999999,3.2646
383,114.83399999999962,44.94179999999971,14.9382,11.422199999999997,3.2658
384,115.14299999999962,45.05759999999972,14.9718,11.435399999999998,3.2664
385,115.43279999999962,45.17339999999972,15.0048,11.444999999999997,3.267
386,115.73099999999963,45.289199999999724,15.042,11.453399999999998,3.2681999999999998
387,116.02799999999961,45.40499999999972,15.0714,11.462399999999997,3.27
388,116.33459999999961,45.52079999999971,15.1026,11.471999999999996,3.2718000000000003
389,116.6291999999996,45.63659999999972,15.135,11.481599999999998,3.273
390,116.9339999999996,45.75239999999972,15.1722,11.488199999999997,3.2766
391,117.23219999999961,45.8681999999997,15.2016,11.503199999999998,3.279
392,117.5153999999996,45.98399999999971,15.2346,11.515199999999997,3.2814
393,117.8081999999996,46.09979999999971,15.261,11.525999999999996,3.282
394,118.11179999999958,46.21559999999972,15.290400000000002,11.531399999999996,3.2838000000000003
395,118.4213999999996,46.331399999999704,15.3234,11.5428,3.285
396,118.72919999999958,46.447199999999704,15.355799999999999,11.553599999999996,3.2862
397,119.01719999999959,46.56299999999971,15.394200000000001,11.558999999999996,3.2886
398,119.30459999999958,46.6787999999997,15.4242,11.563799999999999,3.2904
399,119.61599999999957,46.7945999999997,15.4524,11.570399999999998,3.2916000000000003
400,119.90099999999958,46.910399999999704,15.4776,11.582999999999997,3.2934000000000005
401,120.21959999999957,47.026199999999704,15.5052,11.591999999999997,3.2946000000000004
402,120.51719999999958,47.1419999999997,15.535200000000001,11.602199999999996,3.2946000000000004
403,120.81899999999956,47.2577999999997,15.560400000000001,11.614199999999997,3.2958000000000003
404,121.11659999999956,47.3735999999997,15.588600000000001,11.626199999999997,3.297
405,121.43159999999956,47.489399999999705,15.624,11.638799999999996,3.2976000000000005
406,121.71299999999957,47.60519999999969,15.654,11.647799999999995,3.2988000000000004
407,122.01299999999955,47.72099999999969,15.6768,11.654999999999996,3.3005999999999998
408,122.32199999999955,47.8367999999997,15.7068,11.664599999999997,3.3036000000000003
409,122.60819999999954,47.952599999999684,15.738,11.671799999999998,3.3036000000000003
410,122.89859999999955,48.06839999999969,15.769200000000001,11.685599999999997,3.3048
411,123.18779999999956,48.18419999999969,15.800400000000002,11.698799999999997,3.3066000000000004
412,123.48959999999954,48.29999999999969,15.822,11.708999999999996,3.3078000000000003
413,123.78179999999954,48.415799999999685,15.854400000000002,11.717999999999996,3.3078000000000003
414,124.08239999999952,48.531599999999685,15.894600000000002,11.731199999999998,3.3084000000000002
415,124.37099999999954,48.64739999999969,15.9252,11.743799999999995,3.309
416,124.66979999999954,48.76319999999969,15.952200000000001,11.756399999999998,3.3102
417,124.96919999999953,48.87899999999968,15.9792,11.765999999999996,3.3125999999999998
418,125.28119999999952,48.994799999999685,16.011,11.775599999999997,3.3131999999999997
419,125.56919999999951,49.110599999999685,16.0374,11.7846,3.315
420,125.87819999999952,49.22639999999968,16.061400000000003,11.790599999999996,3.3162
421,126.16859999999951,49.34219999999968,16.0938,11.801399999999997,3.3168
422,126.46319999999952,49.45799999999968,16.119600000000002,11.813999999999997,3.3174
423,126.77879999999949,49.573799999999686,16.1484,11.823599999999997,3.3186
424,127.0727999999995,49.689599999999686,16.179,11.836799999999997,3.3198
425,127.35659999999952,49.80539999999967,16.215000000000003,11.848199999999997,3.3204
426,127.6691999999995,49.92119999999968,16.248,11.856599999999997,3.3216
427,127.9655999999995,50.03699999999967,16.2804,11.861999999999997,3.3221999999999996
428,128.2373999999995,50.152799999999665,16.3092,11.870999999999997,3.3228
429,128.5265999999995,50.26859999999968,16.342200000000002,11.878799999999996,3.3234
430,128.8289999999995,50.38439999999967,16.371,11.886599999999996,3.3245999999999998
431,129.1217999999995,50.500199999999694,16.404600000000002,11.896799999999995,3.3251999999999997
432,129.44159999999948,50.61599999999968,16.433400000000002,11.911199999999997,3.327
433,129.7367999999995,50.731799999999694,16.4694,11.923799999999998,3.3288
434,130.02959999999948,50.8475999999997,16.501800000000003,11.933399999999997,3.3288
435,130.3373999999995,50.9633999999997,16.5306,11.938799999999995,3.33
436,130.65119999999948,51.07919999999971,16.5594,11.952599999999997,3.3324000000000003
437,130.94579999999945,51.19499999999971,16.585199999999997,11.954999999999997,3.3336
438,131.24939999999947,51.31079999999971,16.621199999999998,11.964599999999999,3.3353999999999995
439,131.5589999999995,51.42659999999972,16.655399999999997,11.977199999999996,3.3371999999999997
440,131.86559999999946,51.542399999999716,16.6824,11.986199999999997,3.3378
441,132.16439999999943,51.65819999999974,16.720200000000002,11.998199999999997,3.3378
442,132.44579999999945,51.77399999999974,16.7448,12.008399999999998,3.3384
443,132.74699999999945,51.88979999999974,16.7766,12.022799999999997,3.3396
444,133.06319999999945,52.005599999999745,16.807800000000004,12.032999999999996,3.3408
445,133.37459999999945,52.121399999999745,16.836,12.045599999999997,3.342
446,133.67039999999943,52.23719999999975,16.870800000000003,12.058199999999998,3.3438000000000003
447,133.96499999999943,52.35299999999976,16.899,12.068399999999999,3.3438000000000003
448,134.27099999999945,52.46879999999975,16.930799999999998,12.076199999999996,3.3456
449,134.56559999999945,52.58459999999977,16.968,12.085199999999997,3.3467999999999996
450,134.86199999999943,52.70039999999977,16.998,12.092999999999996,3.3473999999999995
451,135.1487999999994,52.816199999999775,17.023799999999998,12.101399999999998,3.348
452,135.4487999999994,52.931999999999775,17.055,12.110999999999997,3.3486
453,135.73619999999943,53.04779999999978,17.081400000000002,12.121799999999997,3.3491999999999997
454,136.04939999999945,53.16359999999978,17.115599999999997,12.130199999999997,3.351
455,136.35239999999942,53.27939999999979,17.142599999999998,12.143999999999997,3.3522
456,136.65299999999942,53.3951999999998,17.1702,12.152999999999997,3.3528000000000002
457,136.95479999999944,53.510999999999804,17.194200000000002,12.161999999999995,3.3534
458,137.2475999999994,53.626799999999804,17.22,12.172799999999995,3.3534
459,137.53619999999944,53.74259999999981,17.2524,12.181799999999997,3.354
460,137.8175999999994,53.85839999999981,17.28,12.190199999999997,3.354
461,138.1145999999994,53.97419999999982,17.316,12.197999999999997,3.357
462,138.39059999999938,54.08999999999982,17.346600000000002,12.207599999999998,3.3576000000000006
463,138.6881999999994,54.205799999999826,17.3766,12.220199999999997,3.3588
464,138.9893999999994,54.321599999999826,17.4144,12.229199999999995,3.3611999999999997
465,139.30019999999936,54.43739999999983,17.4396,12.236399999999996,3.3611999999999997
466,139.6085999999994,54.55319999999984,17.467200000000005,12.242999999999997,3.3623999999999996
467,139.89899999999938,54.66899999999984,17.4984,12.248999999999997,3.363
468,140.2157999999994,54.78479999999984,17.533200000000004,12.258599999999998,3.3636
469,140.5217999999994,54.900599999999855,17.559,12.265199999999997,3.3648000000000002
470,140.8175999999994,55.01639999999985,17.5854,12.274799999999997,3.366
471,141.12119999999936,55.13219999999987,17.614800000000002,12.284999999999997,3.3666
472,141.43739999999937,55.247999999999855,17.642400000000002,12.291599999999997,3.3684
473,141.74159999999935,55.36379999999987,17.6784,12.300599999999998,3.3708
474,142.03379999999936,55.47959999999988,17.709600000000002,12.310799999999997,3.3713999999999995
475,142.33439999999936,55.59539999999988,17.736,12.319799999999995,3.3713999999999995
476,142.63739999999936,55.71119999999988,17.7678,12.329399999999998,3.372
477,142.96139999999934,55.826999999999884,17.8002,12.338999999999997,3.372
478,143.24039999999934,55.942799999999885,17.830800000000004,12.3486,3.3731999999999998
479,143.53319999999937,56.058599999999906,17.856600000000004,12.358199999999997,3.3738
480,143.84339999999935,56.17439999999989,17.886599999999998,12.367799999999997,3.375
481,144.15599999999935,56.290199999999906,17.918400000000002,12.377399999999998,3.3756
482,144.46619999999933,56.40599999999991,17.946600000000004,12.387599999999999,3.3768000000000002
483,144.73979999999935,56.521799999999914,17.9706,12.398999999999996,3.3774
484,145.03679999999932,56.63759999999992,17.9994,12.412199999999997,3.3786000000000005
485,145.34279999999933,56.75339999999992,18.03,12.423599999999999,3.3786000000000005
486,145.63619999999935,56.86919999999992,18.0558,12.437399999999998,3.3798000000000004
487,145.92779999999934,56.98499999999993,18.088800000000003,12.446399999999997,3.381
488,146.21939999999933,57.10079999999993,18.117600000000003,12.453599999999996,3.3816
489,146.51039999999932,57.21659999999995,18.1434,12.460799999999997,3.3828
490,146.80679999999936,57.33239999999994,18.174,12.465599999999997,3.3828
491,147.1379999999993,57.44819999999994,18.204600000000006,12.472799999999998,3.384
492,147.43139999999931,57.56399999999995,18.231000000000005,12.482999999999997,3.3851999999999998
493,147.7199999999993,57.67979999999996,18.2658,12.496799999999997,3.3858
494,148.0247999999993,57.795599999999965,18.296400000000002,12.505199999999997,3.3858
495,148.31579999999929,57.911399999999965,18.3294,12.512399999999998,3.387
496,148.62539999999927,58.027199999999965,18.3606,12.521999999999997,3.3876
497,148.9373999999993,58.14299999999997,18.387,12.535199999999998,3.3882
498,149.23019999999931,58.25879999999997,18.414000000000005,12.544199999999996,3.39
499,149.5043999999993,58.37459999999999,18.4386,12.554399999999998,3.3906
500,149.82659999999927,58.49039999999999,18.4704,12.560999999999996,3.393
501,150.11519999999928,58.60619999999999,18.502200000000002,12.566999999999998,3.3948
502,150.4181999999993,58.721999999999994,18.5322,12.571799999999998,3.3971999999999998
503,150.72479999999928,58.837799999999994,18.556800000000003,12.574199999999998,3.3978
504,151.0217999999993,58.9536,18.5832,12.578999999999997,3.3984
505,151.3079999999993,59.06940000000001,18.6138,12.586799999999995,3.4008000000000003
506,151.60799999999927,59.18520000000001,18.6474,12.595799999999997,3.4008000000000003
507,151.9007999999993,59.30100000000002,18.677400000000002,12.601199999999997,3.4032
508,152.19059999999928,59.416800000000016,18.700200000000006,12.608399999999998,3.4055999999999997
509,152.50499999999926,59.53260000000003,18.735,12.617999999999997,3.4061999999999997
510,152.79599999999925,59.64840000000003,18.760800000000003,12.629999999999997,3.4074
511,153.08579999999927,59.76420000000003,18.790200000000006,12.639599999999998,3.4074
512,153.38579999999928,59.880000000000045,18.817800000000002,12.644999999999996,3.4086
513,153.68759999999926,59.995800000000045,18.844800000000003,12.649799999999997,3.4104
514,153.99059999999926,60.11160000000005,18.886200000000006,12.660599999999997,3.4104
515,154.28939999999926,60.22740000000005,18.918,12.671999999999999,3.411
516,154.58399999999924,60.34320000000005,18.949200000000005,12.680399999999997,3.411
517,154.88219999999924,60.459000000000074,18.976200000000006,12.689399999999997,3.4128
518,155.18459999999922,60.57480000000006,19.006800000000002,12.695399999999998,3.414
519,155.48579999999924,60.69060000000007,19.038000000000004,12.703799999999996,3.4158000000000004
520,155.77319999999924,60.80640000000007,19.064400000000003,12.716399999999998,3.4181999999999997
521,156.0857999999992,60.92220000000008,19.0938,12.728399999999995,3.4188
522,156.38879999999924,61.03800000000009,19.134000000000004,12.742199999999997,3.42
523,156.68219999999923,61.15380000000009,19.165200000000006,12.751199999999997,3.4206
524,156.96419999999924,61.269600000000096,19.200000000000003,12.766199999999998,3.4212
525,157.27199999999922,61.3854000000001,19.236600000000003,12.781199999999997,3.4217999999999997
526,157.59659999999923,61.5012000000001,19.2684,12.789599999999998,3.4223999999999997
527,157.89599999999922,61.61700000000011,19.311600000000006,12.7998,3.4235999999999995
528,158.19779999999923,61.732800000000104,19.342200000000005,12.806399999999998,3.4242
529,158.4731999999992,61.84860000000012,19.3686,12.812399999999998,3.426
530,158.76599999999922,61.96440000000011,19.396800000000002,12.818999999999996,3.4278000000000004
531,159.0641999999992,62.08020000000011,19.416600000000003,12.825599999999996,3.4284
532,159.3311999999992,62.19600000000013,19.449000000000005,12.833999999999996,3.429
533,159.63959999999923,62.31180000000013,19.491600000000005,12.843599999999999,3.4313999999999996
534,159.95879999999917,62.42760000000014,19.524000000000008,12.855599999999999,3.4313999999999996
535,160.2515999999992,62.54340000000014,19.559400000000004,12.860399999999998,3.4313999999999996
536,160.56359999999916,62.65920000000014,19.587600000000005,12.874199999999997,3.4326
537,160.8539999999992,62.77500000000015,19.620600000000003,12.881999999999996,3.4338
538,161.1773999999992,62.890800000000155,19.644000000000002,12.888599999999997,3.4343999999999997
539,161.4731999999992,63.00660000000015,19.670400000000004,12.895199999999997,3.435
540,161.78279999999918,63.12240000000016,19.695000000000004,12.900599999999999,3.4356
541,162.07739999999916,63.23820000000017,19.722600000000007,12.906599999999997,3.4362
542,162.36359999999917,63.35400000000018,19.752000000000002,12.910799999999997,3.4368000000000003
543,162.66899999999916,63.46980000000018,19.781400000000005,12.917999999999996,3.4374000000000002
544,162.98879999999917,63.58560000000017,19.821600000000007,12.924599999999996,3.4386000000000005
545,163.29539999999915,63.701400000000184,19.851600000000005,12.932999999999996,3.4386000000000005
546,163.60079999999914,63.817200000000184,19.885200000000005,12.940199999999997,3.4398
547,163.89779999999914,63.93300000000019,19.918800000000005,12.948599999999999,3.441
548,164.19779999999918,64.0488000000002,19.953000000000003,12.959999999999996,3.4421999999999997
549,164.50499999999914,64.1646000000002,19.980600000000006,12.970799999999997,3.444
550,164.79779999999917,64.2804000000002,20.013600000000007,12.977999999999996,3.4446
551,165.09059999999917,64.39620000000022,20.041800000000002,12.986999999999997,3.4452
552,165.3833999999991,64.51200000000021,20.067600000000006,12.992999999999997,3.4452
553,165.66959999999912,64.62780000000022,20.096400000000006,12.998399999999998,3.447
554,165.9797999999991,64.74360000000023,20.1324,13.006799999999995,3.4482
555,166.27019999999914,64.85940000000022,20.161200000000004,13.012799999999995,3.4482
556,166.56959999999913,64.97520000000023,20.193000000000005,13.019399999999997,3.4488000000000003
557,166.86239999999916,65.09100000000024,20.218200000000003,13.025999999999996,3.4494
558,167.17079999999913,65.20680000000024,20.248800000000003,13.033799999999998,3.4506
559,167.47019999999912,65.32260000000025,20.277000000000008,13.039799999999996,3.4511999999999996
560,167.76599999999914,65.43840000000024,20.307000000000006,13.045799999999996,3.4518
561,168.07379999999912,65.55420000000026,20.334600000000002,13.057799999999995,3.453
562,168.37799999999913,65.67000000000026,20.357400000000005,13.069799999999997,3.4548
563,168.67499999999913,65.78580000000026,20.377200000000006,13.081199999999997,3.4566
564,168.98879999999912,65.90160000000027,20.406600000000005,13.090199999999998,3.4583999999999997
565,169.2731999999991,66.01740000000026,20.434200000000004,13.102799999999997,3.4602
566,169.5701999999991,66.13320000000027,20.466000000000005,13.111199999999997,3.4602
567,169.8587999999991,66.24900000000028,20.505000000000006,13.121999999999996,3.4614
568,170.16659999999908,66.36480000000027,20.529000000000007,13.130399999999998,3.4638
569,170.46899999999908,66.48060000000028,20.566200000000006,13.137599999999999,3.4643999999999995
570,170.7611999999991,66.59640000000029,20.599200000000003,13.144799999999998,3.4643999999999995
571,171.0635999999991,66.7122000000003,20.632800000000007,13.151999999999996,3.4661999999999997
572,171.3749999999991,66.82800000000029,20.664600000000007,13.159199999999997,3.4667999999999997
573,171.68039999999908,66.9438000000003,20.693400000000004,13.168199999999997,3.4667999999999997
574,171.97979999999905,67.0596000000003,20.719800000000003,13.175399999999996,3.468
575,172.29299999999907,67.17540000000031,20.75520000000001,13.180199999999997,3.4686000000000003
576,172.5893999999991,67.29120000000032,20.783400000000007,13.185599999999999,3.4692
577,172.89299999999906,67.40700000000032,20.809800000000006,13.191599999999998,3.4704
578,173.19839999999908,67.52280000000032,20.84040000000001,13.195799999999995,3.4716000000000005
579,173.50739999999908,67.63860000000032,20.877600000000005,13.202399999999997,3.4722
580,173.79599999999908,67.75440000000033,20.90940000000001,13.210199999999997,3.4722
581,174.08879999999905,67.87020000000034,20.93700000000001,13.220399999999998,3.4734
582,174.38999999999908,67.98600000000033,20.964600000000004,13.231799999999998,3.4734
583,174.69539999999907,68.10180000000035,20.991000000000007,13.243799999999997,3.4734
584,174.99239999999907,68.21760000000035,21.013200000000005,13.249799999999995,3.4752
585,175.28699999999907,68.33340000000035,21.04500000000001,13.256999999999996,3.4764
586,175.58879999999905,68.44920000000036,21.078600000000005,13.264199999999997,3.4781999999999997
587,175.90019999999905,68.56500000000037,21.100800000000007,13.270799999999998,3.4793999999999996
588,176.20379999999903,68.68080000000036,21.12240000000001,13.277999999999997,3.4793999999999996
589,176.51159999999905,68.79660000000037,21.154200000000003,13.2846,3.4806
590,176.81039999999902,68.91240000000037,21.180000000000007,13.293599999999998,3.4806
591,177.09959999999901,69.0282000000004,21.219600000000007,13.306199999999997,3.4818000000000002
592,177.39719999999903,69.14400000000037,21.252600000000008,13.316999999999997,3.4818000000000002
593,177.68939999999904,69.2598000000004,21.27840000000001,13.328999999999999,3.4842
594,177.986999999999,69.37560000000039,21.30480000000001,13.336199999999996,3.4848000000000003
595,178.29779999999903,69.4914000000004,21.3348,13.345799999999997,3.4866
596,178.58699999999902,69.60720000000039,21.364800000000006,13.355399999999998,3.4871999999999996
597,178.88579999999902,69.72300000000041,21.390600000000006,13.363199999999997,3.4883999999999995
598,179.16419999999903,69.8388000000004,21.420600000000007,13.372199999999998,3.489
599,179.466599999999,69.95460000000041,21.453000000000007,13.376399999999999,3.4896000000000003
600,179.778599999999,70.07040000000042,21.480000000000008,13.381199999999996,3.4902
601,180.07319999999902,70.18620000000043,21.513600000000007,13.384799999999997,3.4914
602,180.36959999999902,70.30200000000042,21.538800000000002,13.387799999999997,3.492
603,180.661799999999,70.41780000000043,21.576000000000008,13.395599999999998,3.492
604,180.955799999999,70.53360000000045,21.609600000000007,13.405199999999997,3.4932
605,181.271999999999,70.64940000000044,21.64080000000001,13.410599999999999,3.4932
606,181.587599999999,70.76520000000043,21.67320000000001,13.416599999999999,3.4938000000000002
607,181.88699999999898,70.88100000000047,21.709200000000003,13.423799999999998,3.4944
608,182.17799999999897,70.99680000000045,21.738000000000007,13.430399999999997,3.495
609,182.46599999999899,71.11260000000047,21.768000000000008,13.436399999999997,3.495
610,182.76239999999896,71.22840000000046,21.79800000000001,13.444199999999997,3.495
611,183.050999999999,71.34420000000048,21.832800000000006,13.448999999999996,3.4962
612,183.35099999999898,71.46000000000046,21.859800000000007,13.456199999999997,3.4968000000000004
613,183.63899999999896,71.57580000000048,21.88800000000001,13.462199999999998,3.4974
614,183.93839999999898,71.69160000000048,21.924600000000005,13.4676,3.498
615,184.25579999999894,71.80740000000048,21.957000000000008,13.472399999999999,3.498
616,184.54799999999895,71.92320000000048,21.98340000000001,13.477799999999997,3.4986
617,184.85699999999895,72.0390000000005,22.012200000000007,13.486799999999997,3.4991999999999996
618,185.15099999999896,72.15480000000049,22.041000000000007,13.490999999999996,3.5016000000000003
619,185.44799999999896,72.2706000000005,22.07100000000001,13.496399999999998,3.5016000000000003
620,185.73119999999898,72.3864000000005,22.099200000000007,13.503599999999999,3.5028
621,186.03299999999896,72.5022000000005,22.12560000000001,13.510199999999998,3.5028
622,186.34019999999893,72.6180000000005,22.15500000000001,13.5186,3.5046000000000004
623,186.62219999999894,72.73380000000053,22.18380000000001,13.527599999999996,3.5052000000000003
624,186.93479999999894,72.84960000000054,22.209600000000005,13.536599999999998,3.5052000000000003
625,187.22339999999892,72.96540000000053,22.242600000000007,13.546799999999998,3.5058000000000002
626,187.52579999999895,73.08120000000054,22.27020000000001,13.553999999999997,3.507
627,187.83779999999894,73.19700000000054,22.300200000000007,13.559399999999998,3.5082
628,188.1491999999989,73.31280000000054,22.332000000000008,13.565399999999999,3.5105999999999997
629,188.46599999999893,73.42860000000056,22.371000000000006,13.570799999999997,3.5123999999999995
630,188.7611999999989,73.54440000000055,22.401600000000006,13.578599999999998,3.5135999999999994
631,189.05939999999893,73.66020000000057,22.43640000000001,13.584599999999998,3.5141999999999998
632,189.35639999999893,73.77600000000055,22.469400000000007,13.597199999999997,3.5141999999999998
633,189.6551999999989,73.89180000000057,22.49340000000001,13.603199999999998,3.5141999999999998
634,189.9611999999989,74.00760000000056,22.53180000000001,13.612199999999998,3.5153999999999996
635,190.27079999999893,74.12340000000057,22.558200000000006,13.619399999999995,3.5166
636,190.5731999999989,74.23920000000057,22.59360000000001,13.626599999999998,3.5183999999999997
637,190.8629999999989,74.35500000000059,22.62000000000001,13.631999999999996,3.519
638,191.1605999999989,74.47080000000057,22.65120000000001,13.640999999999996,3.5196000000000005
639,191.45939999999888,74.58660000000059,22.67580000000001,13.649399999999998,3.5202
640,191.7689999999989,74.70240000000061,22.69800000000001,13.657199999999998,3.5208000000000004
641,192.07499999999888,74.81820000000059,22.723200000000013,13.668599999999996,3.5208000000000004
642,192.3833999999989,74.93400000000061,22.75500000000001,13.678799999999997,3.5214000000000003
643,192.66539999999887,75.0498000000006,22.785600000000013,13.686599999999999,3.5225999999999997
644,192.96779999999887,75.16560000000062,22.818000000000012,13.6908,3.5237999999999996
645,193.26419999999888,75.2814000000006,22.85580000000001,13.698599999999999,3.5243999999999995
646,193.58279999999888,75.39720000000062,22.88400000000001,13.7076,3.5256
647,193.87199999999888,75.51300000000063,22.913400000000014,13.717799999999995,3.5268
648,194.1689999999989,75.62880000000062,22.94340000000001,13.722599999999996,3.5274
649,194.46059999999886,75.74460000000063,22.97520000000001,13.727999999999996,3.5274
650,194.74439999999885,75.86040000000064,23.006400000000014,13.736399999999998,3.5274
651,195.02879999999885,75.97620000000063,23.03700000000001,13.742999999999997,3.5274
652,195.32459999999887,76.09200000000065,23.06640000000001,13.748399999999998,3.528
653,195.62699999999887,76.20780000000065,23.097600000000014,13.753199999999998,3.5286
654,195.92759999999888,76.32360000000065,23.12700000000001,13.760399999999997,3.5286
655,196.23779999999886,76.43940000000066,23.15340000000001,13.766999999999996,3.5298000000000003
656,196.53839999999886,76.55520000000067,23.17800000000001,13.772999999999996,3.5298000000000003
657,196.84679999999886,76.67100000000067,23.203200000000013,13.777199999999997,3.5304000000000006
658,197.13299999999884,76.78680000000067,23.23320000000001,13.783799999999996,3.531
659,197.43479999999883,76.90260000000067,23.26440000000001,13.789799999999998,3.5322
660,197.74259999999884,77.01840000000068,23.301600000000015,13.793999999999999,3.5322
661,198.02699999999885,77.13420000000069,23.33040000000001,13.802999999999995,3.5322
662,198.3113999999988,77.25000000000068,23.35980000000001,13.807199999999996,3.5322
663,198.60659999999882,77.3658000000007,23.39040000000001,13.815599999999996,3.5334
664,198.89039999999883,77.48160000000071,23.430000000000007,13.820399999999998,3.5334
665,199.20059999999881,77.5974000000007,23.45400000000001,13.825199999999997,3.534
666,199.48439999999886,77.71320000000071,23.48340000000001,13.832999999999997,3.5346
667,199.77839999999884,77.82900000000072,23.508600000000012,13.840199999999998,3.5364
668,200.08499999999884,77.94480000000071,23.53800000000001,13.847999999999997,3.5376000000000003
669,200.37239999999883,78.06060000000073,23.56140000000001,13.854599999999996,3.5394
670,200.6747999999988,78.17640000000073,23.59020000000001,13.861799999999997,3.5394
671,200.9639999999988,78.29220000000073,23.61300000000001,13.866599999999996,3.5406
672,201.2699999999988,78.40800000000074,23.63700000000001,13.871999999999998,3.5406
673,201.56579999999883,78.52380000000075,23.664600000000014,13.878599999999999,3.5406
674,201.8711999999988,78.63960000000075,23.689800000000012,13.882799999999998,3.5424
675,202.1753999999988,78.75540000000075,23.72340000000001,13.891199999999998,3.5436
676,202.4669999999988,78.87120000000075,23.751000000000015,13.898399999999997,3.5442000000000005
677,202.7693999999988,78.98700000000076,23.78100000000001,13.904399999999997,3.5442000000000005
678,203.0627999999988,79.10280000000076,23.805600000000013,13.907399999999997,3.5454
679,203.37419999999878,79.21860000000076,23.841600000000014,13.912799999999997,3.5454
680,203.6813999999988,79.33440000000078,23.87640000000001,13.918199999999999,3.5465999999999998
681,203.9771999999988,79.45020000000076,23.90400000000001,13.925399999999998,3.5465999999999998
682,204.26219999999878,79.56600000000078,23.931000000000015,13.930199999999997,3.5496
683,204.56699999999876,79.68180000000078,23.960400000000007,13.936799999999998,3.5496
684,204.87779999999876,79.7976000000008,23.99220000000001,13.941599999999998,3.5496
685,205.17119999999875,79.91340000000078,24.022200000000012,13.948199999999996,3.5496
686,205.49519999999876,80.0292000000008,24.052200000000013,13.958999999999996,3.5496
687,205.79399999999876,80.1450000000008,24.076800000000013,13.963199999999997,3.5508
688,206.08139999999878,80.2608000000008,24.112200000000012,13.967999999999996,3.5514
689,206.37299999999874,80.37660000000082,24.142200000000013,13.972799999999998,3.5514
690,206.67119999999875,80.49240000000081,24.18120000000001,13.980599999999999,3.5514
691,206.95559999999875,80.60820000000082,24.209400000000016,13.985999999999997,3.552
692,207.25559999999876,80.72400000000081,24.238200000000013,13.992599999999998,3.5532
693,207.56099999999876,80.83980000000084,24.26280000000001,13.997999999999996,3.5544000000000002
694,207.85619999999872,80.95560000000081,24.290400000000012,14.003999999999996,3.5562000000000005
695,208.14779999999877,81.07140000000084,24.31980000000001,14.006399999999998,3.5574
696,208.45259999999874,81.18720000000084,24.34560000000001,14.012399999999998,3.5574
697,208.75859999999875,81.30300000000085,24.379800000000014,14.018399999999998,3.558
698,209.05739999999875,81.41880000000084,24.406800000000015,14.023199999999997,3.5604
699,209.3627999999987,81.53460000000085,24.43140000000001,14.031599999999997,3.561
700,209.6717999999987,81.65040000000087,24.465600000000013,14.038799999999997,3.561
701,209.9789999999987,81.76620000000085,24.493200000000012,14.043599999999998,3.561
702,210.28619999999873,81.88200000000087,24.523800000000016,14.047199999999997,3.561
703,210.5855999999987,81.99780000000086,24.549000000000014,14.049599999999996,3.5622
704,210.8687999999987,82.11360000000087,24.583800000000014,14.054999999999998,3.5622
705,211.1663999999987,82.22940000000087,24.616200000000017,14.060399999999998,3.5628
706,211.4633999999987,82.34520000000089,24.639000000000014,14.064599999999999,3.564
707,211.7537999999987,82.46100000000091,24.670200000000012,14.069399999999998,3.5646000000000004
708,212.0495999999987,82.57680000000089,24.702600000000015,14.076599999999997,3.5646000000000004
709,212.3663999999987,82.6926000000009,24.732600000000012,14.080799999999996,3.5646000000000004
710,212.66159999999869,82.8084000000009,24.757200000000015,14.084399999999999,3.5646000000000004
711,212.9681999999987,82.92420000000091,24.786000000000016,14.089799999999999,3.5646000000000004
712,213.26819999999867,83.0400000000009,24.81060000000001,14.095799999999997,3.5652000000000004
713,213.57239999999868,83.15580000000092,24.84120000000001,14.103599999999995,3.5652000000000004
714,213.87119999999868,83.2716000000009,24.875400000000017,14.110199999999997,3.5664000000000002
715,214.1627999999987,83.38740000000092,24.906000000000013,14.117399999999996,3.567
716,214.46039999999869,83.50320000000093,24.940800000000014,14.122799999999996,3.5676
717,214.76459999999867,83.61900000000094,24.970200000000016,14.1306,3.5682
718,215.06039999999865,83.73480000000092,25.000200000000014,14.138399999999997,3.5694
719,215.35139999999865,83.85060000000094,25.029600000000013,14.144999999999996,3.57
720,215.6705999999987,83.96640000000095,25.055400000000017,14.149799999999995,3.57
721,215.9783999999987,84.08220000000095,25.084200000000017,14.158199999999997,3.5711999999999997
722,216.29279999999864,84.19800000000096,25.109400000000015,14.161799999999998,3.5711999999999997
723,216.60419999999868,84.31380000000095,25.13220000000001,14.170199999999998,3.5718
724,216.91199999999867,84.42960000000096,25.168200000000017,14.177399999999999,3.5724
725,217.22939999999863,84.54540000000097,25.201800000000013,14.183399999999997,3.573
726,217.53659999999863,84.66120000000097,25.239000000000015,14.187599999999998,3.5736
727,217.82399999999865,84.77700000000098,25.267800000000015,14.193599999999998,3.5742
728,218.13479999999865,84.89280000000097,25.303800000000017,14.198999999999996,3.5748
729,218.43719999999865,85.008600000001,25.345800000000015,14.203799999999998,3.576
730,218.75279999999864,85.12440000000099,25.377000000000013,14.210999999999999,3.5766
731,219.05759999999864,85.240200000001,25.401600000000013,14.213999999999997,3.5772
732,219.36779999999862,85.356000000001,25.428000000000015,14.216999999999999,3.5772
733,219.67679999999865,85.47180000000101,25.460400000000018,14.225399999999997,3.5772
734,219.99299999999863,85.58760000000099,25.488000000000014,14.232599999999998,3.5778000000000003
735,220.2911999999986,85.70340000000101,25.519200000000016,14.241599999999996,3.5796
736,220.58159999999862,85.81920000000102,25.549200000000017,14.246999999999996,3.5808
737,220.8731999999986,85.93500000000104,25.581600000000016,14.251799999999998,3.582
738,221.1779999999986,86.05080000000102,25.612800000000014,14.258399999999998,3.5826000000000002
739,221.4845999999986,86.16660000000103,25.64220000000002,14.262599999999999,3.5831999999999997
740,221.7833999999986,86.28240000000105,25.666800000000016,14.266799999999998,3.5831999999999997
741,222.0845999999986,86.39820000000104,25.697400000000016,14.274599999999996,3.585
742,222.3815999999986,86.51400000000105,25.72920000000002,14.284199999999997,3.588
743,222.6725999999986,86.62980000000105,25.760400000000015,14.290199999999997,3.5886000000000005
744,222.97019999999858,86.74560000000105,25.790400000000016,14.297399999999996,3.5898000000000003
745,223.2737999999986,86.86140000000105,25.821000000000016,14.303999999999997,3.5898000000000003
746,223.56359999999862,86.97720000000106,25.849200000000017,14.309999999999999,3.5898000000000003
747,223.86479999999858,87.09300000000107,25.885200000000015,14.314799999999998,3.5898000000000003
748,224.17739999999856,87.20880000000106,25.91520000000002,14.319599999999998,3.5898000000000003
749,224.4815999999986,87.32460000000107,25.948200000000018,14.324999999999996,3.5904000000000003
750,224.77499999999856,87.44040000000108,25.97760000000002,14.328599999999998,3.5916000000000006
751,225.0767999999986,87.55620000000107,26.007600000000018,14.333399999999997,3.5922
752,225.37499999999858,87.67200000000108,26.037600000000015,14.340599999999998,3.5928
753,225.68819999999855,87.7878000000011,26.065800000000017,14.349599999999999,3.594
754,225.98879999999855,87.90360000000108,26.099400000000017,14.354999999999997,3.5951999999999997
755,226.28579999999857,88.0194000000011,26.13840000000002,14.359199999999998,3.5964
756,226.59719999999857,88.1352000000011,26.165400000000016,14.362199999999998,3.597
757,226.90499999999855,88.2510000000011,26.20080000000002,14.366999999999997,3.5982
758,227.20199999999855,88.36680000000112,26.231400000000015,14.371199999999996,3.5982
759,227.48339999999857,88.48260000000111,26.25720000000002,14.375399999999997,3.5982
760,227.78399999999854,88.59840000000113,26.28300000000002,14.378399999999997,3.5982
761,228.07319999999856,88.71420000000111,26.312400000000014,14.383799999999997,3.5982
762,228.37139999999854,88.83000000000114,26.34420000000002,14.387399999999998,3.5982
763,228.66839999999854,88.94580000000114,26.38140000000002,14.393399999999998,3.5988
764,228.95879999999855,89.06160000000114,26.416200000000018,14.396999999999998,3.5994
765,229.26239999999854,89.17740000000113,26.45220000000002,14.401799999999998,3.6
766,229.57439999999855,89.29320000000115,26.48160000000002,14.4096,3.6006000000000005
767,229.86719999999852,89.40900000000114,26.51160000000002,14.414999999999996,3.6006000000000005
768,230.17799999999855,89.52480000000115,26.546400000000016,14.420399999999997,3.6012000000000004
769,230.4713999999985,89.64060000000117,26.58000000000002,14.425799999999997,3.6024000000000003
770,230.75459999999853,89.75640000000116,26.61240000000002,14.429999999999996,3.603
771,231.0509999999985,89.87220000000117,26.64240000000002,14.437799999999998,3.6048
772,231.3467999999985,89.98800000000116,26.67420000000002,14.442599999999999,3.606
773,231.6461999999985,90.10380000000119,26.701800000000016,14.448599999999997,3.6078
774,231.93959999999853,90.21960000000117,26.73300000000002,14.452199999999998,3.6084
775,232.2323999999985,90.33540000000119,26.76960000000002,14.459999999999996,3.6084
776,232.52999999999852,90.4512000000012,26.80200000000002,14.466599999999996,3.609
777,232.83539999999851,90.56700000000119,26.83020000000002,14.469599999999998,3.6096000000000004
778,233.12279999999848,90.68280000000121,26.85960000000002,14.472599999999996,3.6096000000000004
779,233.4221999999985,90.7986000000012,26.881800000000016,14.478599999999997,3.6102
780,233.7143999999985,90.91440000000122,26.91720000000002,14.482799999999997,3.6108000000000002
781,234.00479999999848,91.0302000000012,26.94660000000002,14.489399999999998,3.612
782,234.32459999999847,91.14600000000122,26.977200000000018,14.496599999999999,3.612
783,234.63839999999848,91.26180000000123,27.00660000000002,14.504399999999999,3.6126
784,234.95999999999847,91.37760000000122,27.04260000000002,14.515199999999997,3.6126
785,235.2641999999985,91.49340000000124,27.074400000000015,14.522399999999996,3.6132
786,235.55459999999846,91.60920000000124,27.102000000000018,14.530199999999997,3.6132
787,235.8413999999985,91.72500000000124,27.12840000000002,14.536199999999997,3.6132
788,236.14439999999846,91.84080000000124,27.16260000000002,14.5398,3.6132
789,236.44139999999848,91.95660000000126,27.19260000000002,14.542799999999998,3.6144000000000003
790,236.74679999999847,92.07240000000125,27.232800000000022,14.549399999999999,3.615
791,237.05399999999847,92.18820000000126,27.256200000000018,14.558399999999997,3.615
792,237.34439999999844,92.30400000000125,27.29040000000002,14.569799999999997,3.615
793,237.63539999999847,92.41980000000127,27.32460000000002,14.580599999999997,3.615
794,237.93779999999848,92.53560000000125,27.35160000000002,14.591399999999998,3.6168
795,238.21379999999849,92.65140000000127,27.38400000000002,14.598599999999998,3.6168
796,238.50899999999842,92.7672000000013,27.414000000000023,14.605799999999999,3.618
797,238.80539999999846,92.88300000000127,27.44700000000002,14.612399999999997,3.618
798,239.10419999999846,92.99880000000127,27.48060000000002,14.615399999999998,3.6192
799,239.40299999999843,93.11460000000129,27.516000000000023,14.617799999999995,3.6198
800,239.69879999999844,93.23040000000131,27.547200000000018,14.623799999999997,3.6198
801,240.00599999999844,93.3462000000013,27.574800000000018,14.627999999999997,3.6216000000000004
802,240.30359999999843,93.46200000000131,27.604800000000022,14.634599999999997,3.6222
803,240.60839999999843,93.5778000000013,27.62700000000002,14.641799999999998,3.6222
804,240.89939999999845,93.69360000000131,27.65700000000002,14.646599999999996,3.6228000000000002
805,241.19759999999846,93.80940000000132,27.68220000000002,14.650799999999995,3.624
806,241.50419999999843,93.92520000000133,27.71880000000002,14.654399999999997,3.6246000000000005
807,241.8071999999984,94.04100000000132,27.75000000000002,14.658599999999998,3.6246000000000005
808,242.09819999999843,94.15680000000133,27.78060000000002,14.663399999999998,3.6246000000000005
809,242.40539999999842,94.27260000000135,27.81060000000002,14.668799999999997,3.627
810,242.69639999999842,94.38840000000133,27.841800000000024,14.674199999999997,3.627
811,243.01319999999845,94.50420000000135,27.875400000000024,14.681999999999997,3.627
812,243.29699999999843,94.62000000000134,27.907800000000023,14.690999999999999,3.6276
813,243.61919999999841,94.73580000000136,27.94260000000002,14.698199999999996,3.6294
814,243.9119999999984,94.85160000000135,27.973800000000026,14.701799999999995,3.6294
815,244.20719999999844,94.96740000000136,28.00680000000002,14.708399999999997,3.63
816,244.5101999999984,95.08320000000137,28.03800000000002,14.714999999999998,3.6311999999999998
817,244.8209999999984,95.19900000000136,28.064400000000024,14.7228,3.6330000000000005
818,245.1269999999984,95.31480000000137,28.089000000000024,14.725799999999998,3.6336000000000004
819,245.43779999999842,95.43060000000138,28.12020000000002,14.729399999999998,3.6348000000000003
820,245.7413999999984,95.54640000000137,28.15080000000002,14.732399999999998,3.636
821,246.04559999999842,95.66220000000139,28.184400000000025,14.736599999999997,3.6372
822,246.3389999999984,95.7780000000014,28.216200000000022,14.740799999999997,3.6384000000000007
823,246.6479999999984,95.8938000000014,28.248000000000022,14.746799999999999,3.639
824,246.9575999999984,96.0096000000014,28.275600000000022,14.751599999999998,3.6396
825,247.2635999999984,96.1254000000014,28.30200000000002,14.756999999999996,3.6396
826,247.55099999999837,96.24120000000141,28.329000000000022,14.764199999999997,3.6408
827,247.8569999999984,96.3570000000014,28.35360000000002,14.771999999999997,3.6414000000000004
828,248.1503999999984,96.47280000000141,28.385400000000022,14.777999999999999,3.6414000000000004
829,248.4377999999984,96.58860000000142,28.41660000000002,14.785199999999998,3.6414000000000004
830,248.74199999999843,96.70440000000141,28.445400000000024,14.789999999999996,3.6414000000000004
831,249.05699999999837,96.82020000000142,28.47360000000002,14.792999999999996,3.6426000000000003
832,249.3359999999984,96.93600000000144,28.50300000000002,14.797799999999997,3.6432
833,249.6383999999984,97.05180000000145,28.529400000000024,14.801999999999996,3.6432
834,249.94079999999838,97.16760000000144,28.56660000000002,14.807999999999996,3.6438
835,250.22879999999842,97.28340000000145,28.600200000000026,14.813399999999998,3.6438
836,250.5377999999984,97.39920000000146,28.635000000000023,14.818199999999997,3.645
837,250.84379999999842,97.51500000000145,28.66320000000002,14.8248,3.6462
838,251.1485999999984,97.63080000000146,28.68780000000002,14.831999999999997,3.6468000000000003
839,251.45219999999838,97.74660000000146,28.723800000000022,14.838599999999996,3.648
840,251.74859999999842,97.86240000000146,28.75560000000002,14.840999999999996,3.6486000000000005
841,252.05039999999843,97.97820000000148,28.79160000000002,14.845799999999997,3.6492
842,252.35519999999838,98.09400000000149,28.820400000000024,14.849999999999996,3.6492
843,252.66719999999842,98.2098000000015,28.853400000000022,14.853599999999998,3.6492
844,252.9695999999984,98.32560000000149,28.883400000000023,14.858999999999996,3.6498000000000004
845,253.27799999999843,98.4414000000015,28.919400000000024,14.861999999999997,3.651
846,253.5893999999984,98.5572000000015,28.942800000000023,14.867399999999998,3.651
847,253.9043999999984,98.67300000000151,28.97160000000002,14.871599999999999,3.6515999999999997
848,254.17739999999839,98.7888000000015,28.998000000000022,14.875799999999998,3.6521999999999997
849,254.4605999999984,98.90460000000151,29.03220000000002,14.882399999999997,3.6533999999999995
850,254.75279999999842,99.0204000000015,29.061000000000025,14.887799999999997,3.6533999999999995
851,255.06359999999844,99.13620000000151,29.089200000000023,14.894399999999997,3.6533999999999995
852,255.35219999999845,99.25200000000152,29.120400000000025,14.900999999999998,3.654
853,255.64859999999842,99.3678000000015,29.147400000000022,14.908199999999997,3.6546
854,255.96179999999842,99.48360000000152,29.174400000000023,14.912999999999997,3.6558
855,256.27139999999844,99.59940000000151,29.210400000000025,14.918399999999998,3.657
856,256.59179999999844,99.71520000000152,29.240400000000022,14.924399999999999,3.657
857,256.8857999999985,99.83100000000151,29.273400000000024,14.927999999999999,3.657
858,257.18279999999845,99.94680000000153,29.304000000000027,14.933399999999997,3.6576
859,257.4629999999985,100.06260000000152,29.329200000000025,14.941199999999998,3.6582
860,257.77559999999846,100.17840000000153,29.354400000000023,14.946599999999998,3.6582
861,258.0689999999985,100.29420000000154,29.380800000000026,14.951999999999996,3.6594
862,258.3695999999985,100.41000000000155,29.40840000000002,14.957399999999998,3.6594
863,258.6629999999985,100.52580000000154,29.443200000000026,14.965199999999998,3.6594
864,258.9707999999985,100.64160000000155,29.482200000000027,14.976599999999998,3.66
865,259.2551999999985,100.75740000000157,29.511600000000026,14.984399999999997,3.6618000000000004
866,259.5419999999985,100.87320000000156,29.539200000000026,14.990999999999996,3.6618000000000004
867,259.8395999999985,100.98900000000155,29.567400000000024,14.993999999999998,3.6618000000000004
868,260.13779999999855,101.10480000000156,29.598600000000026,14.998799999999997,3.6618000000000004
869,260.4521999999986,101.22060000000158,29.629200000000026,15.0048,3.6624
870,260.7449999999985,101.33640000000156,29.65860000000003,15.010199999999998,3.6635999999999997
871,261.0455999999985,101.45220000000158,29.683800000000026,15.012599999999999,3.6641999999999997
872,261.33419999999853,101.56800000000159,29.715600000000023,15.017399999999999,3.6648
873,261.6473999999985,101.68380000000158,29.74500000000003,15.020999999999997,3.666
874,261.93599999999856,101.79960000000159,29.778000000000027,15.026999999999996,3.6666
875,262.24079999999856,101.9154000000016,29.806200000000025,15.034199999999997,3.6684000000000005
876,262.54319999999854,102.03120000000162,29.836800000000025,15.039599999999998,3.6684000000000005
877,262.8383999999986,102.1470000000016,29.869800000000026,15.0438,3.6684000000000005
878,263.12999999999863,102.26280000000162,29.906400000000023,15.046799999999998,3.6696000000000004
879,263.4341999999986,102.37860000000161,29.934000000000022,15.050999999999997,3.6696000000000004
880,263.7317999999986,102.49440000000162,29.973600000000026,15.053999999999998,3.6696000000000004
881,264.0353999999986,102.61020000000164,30.000600000000027,15.0618,3.6696000000000004
882,264.3329999999986,102.72600000000163,30.028200000000027,15.067799999999998,3.6696000000000004
883,264.6371999999987,102.84180000000164,30.058200000000028,15.073199999999996,3.6708000000000003
884,264.94679999999863,102.95760000000163,30.09000000000003,15.079799999999997,3.6708000000000003
885,265.22939999999863,103.07340000000164,30.125400000000027,15.086999999999998,3.672
886,265.5287999999986,103.18920000000165,30.157200000000024,15.092399999999998,3.6732
887,265.8251999999987,103.30500000000166,30.188400000000026,15.0978,3.6732
888,266.12579999999866,103.42080000000165,30.218400000000027,15.103199999999998,3.6738000000000004
889,266.4269999999987,103.53660000000167,30.248400000000032,15.110399999999998,3.675
890,266.7305999999987,103.65240000000166,30.276000000000025,15.118199999999996,3.6756
891,267.0311999999987,103.76820000000167,30.310800000000025,15.121799999999997,3.6756
892,267.33059999999875,103.88400000000168,30.345600000000026,15.129,3.6756
893,267.6431999999987,103.99980000000167,30.372000000000025,15.133799999999999,3.6768
894,267.9257999999988,104.11560000000168,30.403800000000025,15.137399999999998,3.678
895,268.2245999999988,104.23140000000168,30.427200000000028,15.142199999999999,3.678
896,268.5131999999988,104.3472000000017,30.453000000000028,15.144599999999999,3.678
897,268.8161999999988,104.4630000000017,30.478800000000025,15.147599999999999,3.678
898,269.1281999999988,104.5788000000017,30.509400000000028,15.150599999999999,3.6786
899,269.4353999999988,104.6946000000017,30.541800000000023,15.152999999999999,3.6786
900,269.73059999999873,104.8104000000017,30.575400000000027,15.154799999999998,3.6786
901,270.0263999999989,104.92620000000171,30.601200000000027,15.1566,3.6792
902,270.3479999999988,105.04200000000172,30.637800000000023,15.1608,3.6798
903,270.64499999999884,105.15780000000171,30.657600000000027,15.166199999999998,3.6798
904,270.95339999999885,105.27360000000172,30.68640000000003,15.174599999999998,3.6798
905,271.24739999999883,105.38940000000173,30.70860000000003,15.180599999999998,3.6810000000000005
906,271.55159999999887,105.50520000000175,30.743400000000026,15.191999999999997,3.6810000000000005
907,271.85279999999887,105.62100000000173,30.768600000000028,15.1998,3.6822000000000004
908,272.1617999999989,105.73680000000175,30.80100000000003,15.205799999999998,3.6822000000000004
909,272.47199999999896,105.85260000000176,30.825600000000026,15.212399999999997,3.6834000000000002
910,272.79779999999886,105.96840000000175,30.85500000000003,15.219599999999998,3.684
911,273.086399999999,106.08420000000176,30.88080000000003,15.226799999999999,3.6846000000000005
912,273.40979999999894,106.20000000000176,30.914400000000025,15.236399999999998,3.6846000000000005
913,273.72179999999895,106.31580000000177,30.94140000000003,15.246599999999999,3.6852000000000005
914,274.010399999999,106.43160000000177,30.967800000000032,15.253799999999998,3.6858
915,274.30439999999896,106.54740000000177,30.99300000000003,15.258599999999998,3.687
916,274.606799999999,106.66320000000177,31.02180000000003,15.262799999999997,3.6882
917,274.90619999999905,106.77900000000179,31.04880000000003,15.268199999999998,3.6888
918,275.21099999999893,106.89480000000178,31.08300000000003,15.273,3.69
919,275.50499999999903,107.0106000000018,31.12260000000003,15.278399999999998,3.6912000000000003
920,275.806199999999,107.1264000000018,31.15980000000003,15.281999999999998,3.6930000000000005
921,276.10619999999903,107.2422000000018,31.18500000000003,15.284999999999998,3.6936000000000004
922,276.388199999999,107.3580000000018,31.22400000000003,15.2892,3.6954000000000007
923,276.67079999999913,107.4738000000018,31.246800000000032,15.295199999999998,3.696
924,276.9743999999991,107.58960000000181,31.27200000000003,15.298799999999998,3.696
925,277.2803999999991,107.70540000000183,31.296000000000028,15.303,3.6972000000000005
926,277.5713999999991,107.82120000000182,31.321800000000028,15.308999999999997,3.6984
927,277.86839999999916,107.93700000000183,31.35600000000003,15.314999999999998,3.6984
928,278.1545999999991,108.05280000000184,31.387800000000027,15.320999999999996,3.6996
929,278.4809999999992,108.16860000000185,31.41420000000003,15.326399999999998,3.7001999999999997
930,278.77019999999914,108.28440000000184,31.435800000000032,15.331199999999999,3.7008
931,279.0677999999992,108.40020000000183,31.45980000000003,15.334199999999997,3.7014
932,279.3659999999992,108.51600000000185,31.490400000000026,15.3372,3.7026
933,279.67259999999914,108.63180000000185,31.51680000000003,15.3408,3.7032
934,279.96299999999917,108.74760000000185,31.546800000000033,15.3432,3.7032
935,280.2695999999992,108.86340000000186,31.576200000000032,15.3456,3.7032
936,280.56479999999925,108.97920000000187,31.60800000000003,15.352199999999998,3.7038
937,280.85699999999923,109.09500000000186,31.63500000000003,15.356999999999998,3.7044
938,281.1659999999992,109.21080000000188,31.665600000000026,15.362399999999997,3.705
939,281.4713999999993,109.32660000000189,31.696800000000028,15.364799999999999,3.7056
940,281.77739999999926,109.44240000000188,31.72920000000003,15.369599999999998,3.7056
941,282.0713999999992,109.5582000000019,31.747200000000035,15.373199999999997,3.7056
942,282.37799999999925,109.6740000000019,31.773000000000028,15.374999999999998,3.7056
943,282.66959999999926,109.78980000000189,31.80900000000003,15.3798,3.7062
944,282.96839999999935,109.9056000000019,31.83900000000003,15.3852,3.7068000000000003
945,283.2653999999993,110.02140000000192,31.87140000000003,15.3912,3.7086000000000006
946,283.5539999999993,110.1372000000019,31.89720000000003,15.3966,3.7086000000000006
947,283.84019999999936,110.25300000000192,31.921800000000033,15.401999999999997,3.7086000000000006
948,284.12879999999933,110.36880000000191,31.948800000000027,15.411599999999998,3.7086000000000006
949,284.4365999999994,110.48460000000193,31.984200000000033,15.42,3.7086000000000006
950,284.7335999999994,110.60040000000193,32.02020000000003,15.429599999999999,3.7086000000000006
951,285.01619999999934,110.71620000000193,32.05140000000003,15.4398,3.7086000000000006
952,285.3137999999994,110.83200000000194,32.07840000000003,15.440399999999999,3.7104
953,285.5969999999994,110.94780000000193,32.10300000000003,15.445199999999996,3.7116000000000002
954,285.87539999999944,111.06360000000195,32.13480000000003,15.450599999999998,3.7116000000000002
955,286.1735999999994,111.17940000000195,32.167800000000035,15.454799999999999,3.7116000000000002
956,286.46099999999944,111.29520000000196,32.20260000000003,15.459599999999998,3.7121999999999997
957,286.77239999999944,111.41100000000195,32.22420000000003,15.464999999999998,3.7134000000000005
958,287.0609999999994,111.52680000000197,32.24880000000003,15.468599999999999,3.7134000000000005
959,287.36759999999947,111.64260000000196,32.275200000000034,15.473399999999998,3.7140000000000004
960,287.6693999999995,111.75840000000197,32.311200000000035,15.481799999999998,3.7152000000000003
961,287.96279999999945,111.87420000000199,32.33040000000003,15.490199999999998,3.7158
962,288.2525999999995,111.99000000000198,32.36340000000003,15.499799999999999,3.7158
963,288.55439999999953,112.10580000000198,32.40060000000003,15.505199999999999,3.7164
964,288.8399999999995,112.22160000000198,32.425200000000025,15.513599999999999,3.7164
965,289.13819999999953,112.337400000002,32.45280000000003,15.520799999999998,3.7176
966,289.42439999999954,112.45320000000198,32.48040000000003,15.527399999999998,3.7176
967,289.73519999999957,112.569000000002,32.51160000000003,15.532199999999998,3.7182
968,290.04359999999957,112.68480000000201,32.53620000000003,15.535199999999998,3.7188000000000003
969,290.3315999999996,112.80060000000202,32.56320000000003,15.539999999999996,3.7188000000000003
970,290.6249999999996,112.91640000000201,32.58960000000003,15.546599999999998,3.7194000000000007
971,290.9201999999996,113.03220000000202,32.619600000000034,15.553799999999999,3.7194000000000007
972,291.20399999999967,113.14800000000203,32.649600000000035,15.557999999999998,3.7194000000000007
973,291.5159999999997,113.26380000000202,32.68320000000003,15.562199999999997,3.72
974,291.81599999999963,113.37960000000204,32.71260000000003,15.568799999999998,3.7206000000000006
975,292.10099999999966,113.49540000000204,32.74020000000003,15.5742,3.7218
976,292.4129999999997,113.61120000000204,32.76900000000003,15.5778,3.7224
977,292.7111999999997,113.72700000000206,32.79420000000003,15.583200000000001,3.7236000000000002
978,293.0159999999997,113.84280000000206,32.826600000000035,15.587399999999997,3.7236000000000002
979,293.3195999999997,113.95860000000204,32.85600000000003,15.590399999999999,3.7236000000000002
980,293.60159999999973,114.07440000000206,32.88000000000003,15.594599999999998,3.7248
981,293.9111999999997,114.19020000000208,32.911800000000035,15.598799999999997,3.7266000000000004
982,294.20459999999974,114.30600000000207,32.93820000000003,15.604199999999997,3.7272
983,294.5069999999997,114.42180000000207,32.96580000000003,15.609599999999999,3.7272
984,294.7997999999997,114.53760000000207,32.998200000000026,15.613199999999999,3.7278000000000002
985,295.08899999999977,114.6534000000021,33.025200000000034,15.6168,3.7278000000000002
986,295.38599999999974,114.76920000000207,33.05400000000004,15.6222,3.7296000000000005
987,295.6955999999998,114.8850000000021,33.08520000000004,15.626399999999999,3.7296000000000005
988,295.9943999999998,115.00080000000209,33.11460000000004,15.63,3.7308000000000003
989,296.2937999999998,115.1166000000021,33.14280000000003,15.634199999999998,3.7308000000000003
990,296.5781999999998,115.2324000000021,33.17160000000003,15.639599999999998,3.7308000000000003
991,296.88599999999985,115.34820000000211,33.198000000000036,15.646799999999999,3.7314
992,297.18179999999984,115.46400000000213,33.23040000000004,15.651599999999998,3.7314
993,297.45959999999985,115.57980000000212,33.262800000000034,15.6558,3.7332
994,297.78119999999984,115.69560000000212,33.29220000000004,15.66,3.7332
995,298.10819999999984,115.81140000000212,33.320400000000035,15.6678,3.7344
996,298.4057999999999,115.92720000000212,33.348600000000026,15.674399999999999,3.7356000000000003
997,298.7063999999999,116.04300000000214,33.37680000000003,15.677399999999999,3.7368
998,299.01479999999987,116.15880000000215,33.41040000000004,15.682199999999998,3.738
999,299.3129999999999,116.27460000000212,33.436800000000034,15.685799999999997,3.7386000000000004
1000,299.6201999999999,116.39040000000215,33.47100000000004,15.689999999999998,3.7386000000000004
