episode,A2C,DQN,PPO,QNN
1,24.5,19.0,17.0,41.9
2,22.9,21.5,21.3,31.75
3,22.833333333333336,20.5,22.6,28.8
4,23.5,22.525,22.7,27.35
5,25.36,22.919999999999998,22.06,26.9
6,25.45,22.866666666666667,21.266666666666666,27.53333333333333
7,24.2,22.857142857142854,20.757142857142856,26.485714285714284
8,24.5125,23.4875,20.5875,25.325
9,24.91111111111111,23.433333333333334,20.3,24.833333333333336
10,25.57,24.34,20.61,24.470000000000002
11,26.127272727272725,24.918181818181818,21.027272727272727,24.59090909090909
12,26.84166666666666,24.575,21.0,24.108333333333334
13,26.53076923076923,24.47692307692308,21.20769230769231,23.769230769230766
14,27.164285714285718,24.414285714285715,21.49285714285714,23.614285714285714
15,28.0,24.666666666666664,21.3,23.35333333333333
16,27.7375,24.35,21.3875,23.51875
17,28.14117647058824,24.305882352941175,21.364705882352943,23.147058823529413
18,28.21666666666667,24.5,21.72222222222222,23.038888888888888
19,28.373684210526317,24.11578947368421,21.91578947368421,22.91578947368421
20,28.7,23.86,21.955,22.645
21,29.110000000000003,23.785,22.015,21.580000000000002
22,30.5,23.65,21.6,22.215
23,30.79,23.685,21.544999999999998,22.115000000000002
24,32.25,23.48,21.509999999999998,22.325
25,32.295,23.46,21.53,22.28
26,32.55,23.509999999999998,21.575,22.169999999999998
27,33.644999999999996,23.715,21.830000000000002,22.705
28,34.36,23.18,21.830000000000002,23.395
29,36.005,23.16,22.03,23.44
30,36.614999999999995,22.82,21.79,23.835
31,37.37,22.325,21.535,23.91
32,38.495,22.235,21.61,24.505
33,38.94,21.865,21.285,25.635
34,39.464999999999996,21.740000000000002,21.34,26.380000000000003
35,39.635000000000005,21.6,21.615000000000002,26.939999999999998
36,41.665,21.6,21.759999999999998,26.855
37,41.565,21.259999999999998,21.805,27.635
38,42.415,21.18,21.369999999999997,27.670000000000005
39,43.15,21.31,21.66,27.75
40,44.295,21.685,21.55,27.895
41,45.230000000000004,21.78,21.54,27.915
42,45.495,21.615000000000002,21.925,27.445
43,46.87,22.335,21.595,27.95
44,47.04,22.125,21.815,27.72
45,49.055,22.085,22.130000000000003,27.54
46,49.96,21.855,22.259999999999998,27.285000000000004
47,50.88,21.755000000000003,22.275,27.02
48,51.964999999999996,21.955000000000002,22.43,26.7
49,51.910000000000004,22.03,22.695,26.875
50,51.885000000000005,21.9,22.9,27.505000000000003
51,52.73,21.9,23.015,27.71
52,52.02,22.145,23.02,27.615
53,53.36,22.45,23.105,26.595
54,54.239999999999995,22.259999999999998,23.005000000000003,25.744999999999997
55,55.254999999999995,21.884999999999998,22.845,25.585
56,55.915,22.43,22.465,26.03
57,57.285000000000004,23.035,22.23,26.214999999999996
58,58.485,22.835,22.29,26.365
59,60.279999999999994,22.965,21.805,26.669999999999998
60,60.94500000000001,22.86,21.775,26.494999999999997
61,61.855,23.255000000000003,22.240000000000002,26.595
62,62.220000000000006,23.355,22.25,27.055
63,61.910000000000004,22.779999999999998,22.46,26.52
64,61.529999999999994,22.695,22.09,27.214999999999996
65,61.31,22.875,22.055,27.464999999999996
66,61.839999999999996,23.155,22.134999999999998,27.675
67,62.345000000000006,23.06,22.04,27.714999999999996
68,64.035,22.78,22.195,27.65
69,65.32000000000001,22.855,22.11,27.71
70,66.965,22.630000000000003,21.86,27.415
71,67.115,22.490000000000002,22.07,28.125
72,69.525,22.330000000000002,22.0,28.195
73,70.295,22.235,22.419999999999998,28.82
74,72.06,22.25,22.375,29.214999999999996
75,73.765,22.335,22.54,29.5
76,73.525,22.085,22.685,29.335
77,75.89500000000001,21.62,23.04,28.75
78,77.80499999999999,21.294999999999998,23.05,29.575
79,78.76,21.115000000000002,23.335,29.544999999999998
80,82.52000000000001,21.03,23.355,30.27
81,84.41,20.855,23.65,30.3
82,86.66499999999999,20.85,23.615000000000002,30.159999999999997
83,89.95,21.27,23.77,31.369999999999997
84,92.84,22.085,23.925,31.560000000000002
85,94.95,22.005000000000003,23.595,31.97
86,97.91,21.655,23.625,32.175
87,100.94500000000001,21.5,23.565,33.21
88,103.085,21.72,23.215,33.2
89,105.125,21.7,23.055,33.765
90,108.75999999999999,22.515,23.305,33.760000000000005
91,113.5,22.625,22.995,33.44
92,116.965,22.905,23.04,33.72
93,120.44500000000001,22.759999999999998,22.695,33.53
94,122.775,23.115000000000002,22.57,34.85
95,124.56500000000001,23.125,22.815,35.07
96,129.53,22.855,22.945,34.955
97,133.07999999999998,23.105,23.145,36.425
98,136.72,23.475,23.759999999999998,36.464999999999996
99,141.38,23.28,24.015,36.905
100,142.725,23.23,24.435,37.315
101,148.07999999999998,23.115000000000002,24.2,37.775
102,151.95499999999998,23.380000000000003,24.215,37.89
103,154.975,22.955000000000002,24.080000000000002,37.275
104,159.10999999999999,22.515,24.369999999999997,36.660000000000004
105,163.26000000000002,22.669999999999998,25.075,36.42
106,167.09499999999997,22.845,25.32,36.93
107,171.13,22.96,25.705000000000002,36.46
108,175.36,22.884999999999998,26.02,36.894999999999996
109,178.865,22.505000000000003,25.975,36.989999999999995
110,179.365,21.695,26.28,36.695
111,177.79,21.73,26.735000000000003,37.464999999999996
112,178.745,21.575,26.8,37.864999999999995
113,180.07999999999998,21.565,27.589999999999996,38.1
114,181.1,21.185,27.8,37.489999999999995
115,180.89000000000001,21.5,27.610000000000003,37.005
116,182.38,21.6,27.985000000000003,37.910000000000004
117,181.12,21.465,28.119999999999997,37.269999999999996
118,177.805,21.15,28.405,36.625
119,176.32,21.630000000000003,28.419999999999998,37.38
120,173.54000000000002,21.675,28.185000000000002,37.72
121,170.98499999999999,21.955000000000002,28.23,38.125
122,170.905,22.1,28.405,39.13
123,171.225,22.32,29.01,39.28
124,170.53000000000003,22.3,28.82,40.655
125,169.56,22.1,29.064999999999998,41.695
126,167.52,22.095,29.18,42.11
127,164.04000000000002,22.125,29.65,42.62
128,160.8,22.39,29.964999999999996,43.305
129,159.895,22.525,29.945,43.92
130,159.245,22.425,30.25,44.68
131,159.31,22.509999999999998,29.794999999999998,44.585
132,158.51,22.835,30.415,44.405
133,157.76500000000001,23.03,29.689999999999998,46.205
134,158.215,23.16,30.22,47.839999999999996
135,159.1,23.005,30.0,49.125
136,155.92000000000002,22.919999999999998,29.735000000000003,49.519999999999996
137,154.79000000000002,23.305,29.595,50.265
138,156.19,23.605,28.785000000000004,51.94500000000001
139,155.215,23.490000000000002,28.425,53.25
140,156.31,23.244999999999997,28.985000000000003,53.19
141,155.565,23.23,29.345,54.010000000000005
142,152.565,22.9,29.525,54.489999999999995
143,150.95999999999998,22.735,29.1,55.839999999999996
144,148.27,22.585,29.119999999999997,56.69500000000001
145,146.125,22.78,28.78,57.17999999999999
146,144.215,22.785,29.305,57.65500000000001
147,145.65,22.634999999999998,29.089999999999996,57.160000000000004
148,145.315,22.535,29.410000000000004,57.56
149,143.845,22.675,29.605,58.125
150,146.575,22.955000000000002,29.169999999999998,58.614999999999995
151,151.17,22.759999999999998,29.49,59.99000000000001
152,153.145,22.655,28.935000000000002,62.910000000000004
153,153.76500000000001,22.645,29.53,62.71
154,154.57999999999998,22.61,29.335,62.21999999999999
155,156.48499999999999,22.4,29.51,62.605
156,158.775,22.215,29.49,64.435
157,161.81,22.07,29.675,65.365
158,163.67000000000002,21.865000000000002,30.905,64.9
159,163.51,21.925,30.98,64.285
160,164.92000000000002,22.095,30.910000000000004,65.125
161,166.95,22.015,30.46,64.55499999999999
162,168.75,21.955000000000002,30.625,64.96000000000001
163,169.34,22.055,31.555,64.92
164,174.175,22.015,32.205,66.005
165,177.18,21.82,32.575,67.66
166,177.23,21.82,31.880000000000003,68.685
167,178.23499999999999,21.925,32.935,71.67
168,178.99,22.345,33.0,72.175
169,181.39000000000001,22.415,33.12,73.845
170,179.615,22.685,34.01,76.125
171,178.42000000000002,22.98,35.255,75.75
172,178.175,22.9,36.38,73.655
173,179.825,22.7,36.64,74.505
174,179.3,22.985,37.0,74.58500000000001
175,179.615,23.080000000000002,37.975,74.18
176,178.04500000000002,23.465,38.78,73.31
177,176.57,23.009999999999998,39.03,73.225
178,177.45499999999998,23.64,38.815,73.595
179,180.435,23.46,39.135000000000005,72.925
180,182.445,23.395,39.305,73.325
181,182.695,23.759999999999998,40.495,75.845
182,184.29500000000002,23.825,41.47,76.67
183,185.79500000000002,23.96,41.65,77.38
184,184.035,24.1,42.135000000000005,76.255
185,183.53500000000003,23.905,41.945,76.36
186,190.105,23.865000000000002,42.125,76.925
187,187.48000000000002,23.994999999999997,42.035000000000004,75.03
188,186.97,23.225,41.475,76.22
189,184.34,23.145,42.565,78.205
190,182.025,22.705000000000002,41.945,76.155
191,176.525,22.65,41.17,78.08
192,171.965,22.46,40.995,80.935
193,167.9,22.6,40.935,80.47999999999999
194,164.755,22.419999999999998,40.975,83.03
195,159.87,22.265,40.835,85.5
196,160.32999999999998,22.5,41.1,86.58500000000001
197,158.695,23.0,40.739999999999995,88.05
198,156.775,22.44,40.62,88.55499999999999
199,153.99,22.494999999999997,40.885000000000005,91.505
200,150.785,22.5,40.56,92.62
201,149.85,21.71,39.695,94.405
202,147.195,21.47,39.614999999999995,93.64500000000001
203,145.20499999999998,21.19,39.769999999999996,96.065
204,142.285,20.85,39.725,97.08
205,138.32,21.15,40.12,97.815
206,131.38,21.009999999999998,41.480000000000004,98.625
207,130.54000000000002,21.009999999999998,41.375,101.13
208,128.935,21.205000000000002,42.67,101.875
209,129.135,21.06,42.08,99.14
210,130.85,21.119999999999997,43.575,100.17999999999999
211,133.23,20.895,45.075,101.35499999999999
212,133.43,20.79,45.059999999999995,101.78
213,132.815,20.905,45.72,106.15
214,132.355,20.775,47.205,106.345
215,134.405,21.04,48.339999999999996,105.47
216,133.46499999999997,20.56,48.795,105.30999999999999
217,134.45,20.29,50.46,106.255
218,132.85,20.3,51.675,108.85999999999999
219,131.755,20.3,52.02,108.795
220,131.04000000000002,20.345,53.17999999999999,109.005
221,127.475,20.7,54.565,106.43500000000002
222,126.01500000000001,21.31,54.839999999999996,106.225
223,124.36500000000001,21.175,55.705,105.425
224,122.53999999999999,21.25,55.970000000000006,106.545
225,123.13499999999999,21.35,57.625,108.62
226,122.665,21.490000000000002,57.44500000000001,109.205
227,121.47999999999999,21.305,58.489999999999995,110.245
228,120.095,21.54,59.635000000000005,109.325
229,118.06500000000001,21.805,60.620000000000005,110.755
230,114.875,22.06,61.035000000000004,113.285
231,114.2,22.07,60.8,112.88499999999999
232,114.785,22.345,60.815,112.84
233,115.845,22.27,61.855000000000004,109.81500000000001
234,115.98499999999999,22.27,61.529999999999994,109.175
235,114.88,22.075,61.08,108.42999999999999
236,113.11000000000001,22.055,62.214999999999996,109.53
237,111.60499999999999,22.044999999999998,62.17999999999999,109.11500000000001
238,110.9,22.5,63.045,110.79
239,110.745,22.72,65.1,110.75
240,110.47999999999999,22.805,66.94,110.43499999999999
241,111.72,22.884999999999998,68.185,113.00999999999999
242,113.285,22.425,68.92,114.745
243,113.75,22.630000000000003,69.8,116.06500000000001
244,116.085,23.095,71.28999999999999,116.22999999999999
245,116.84,22.945,71.14,114.41499999999999
246,120.465,23.115000000000002,72.74,113.13
247,123.55,23.355,72.87,112.125
248,127.85,23.615000000000002,73.285,115.01500000000001
249,132.325,23.39,75.02000000000001,114.03999999999999
250,137.755,23.080000000000002,75.775,111.845
251,140.445,23.505000000000003,78.575,110.85
252,144.94,23.509999999999998,81.35499999999999,110.97999999999999
253,149.4,23.79,81.53999999999999,113.75999999999999
254,155.275,24.005000000000003,83.89,113.6
255,159.35999999999999,24.285,87.955,115.33
256,164.175,24.98,91.21000000000001,117.915
257,167.38,24.905,92.62,118.75999999999999
258,169.825,24.765,94.42,119.44000000000001
259,173.635,24.9,95.595,119.41
260,176.23,24.79,97.16499999999999,121.03
261,178.255,24.44,99.06,123.45
262,181.13,24.55,100.96000000000001,125.18499999999999
263,184.645,24.55,103.095,126.295
264,187.835,24.455000000000002,105.96,127.25
265,190.825,24.365000000000002,109.61500000000001,128.755
266,192.155,24.48,113.755,131.535
267,193.62,24.165,117.63,133.58499999999998
268,194.475,23.8,119.465,135.04
269,193.105,24.05,123.045,137.45
270,191.62,24.16,126.97999999999999,141.435
271,191.725,23.805,129.95999999999998,144.055
272,190.805,23.53,133.73499999999999,144.17000000000002
273,188.185,23.245,139.8,144.45499999999998
274,185.895,23.38,142.85,146.01
275,184.735,23.56,144.525,146.745
276,184.18,22.845,145.115,146.075
277,184.72,22.78,153.25,146.63
278,185.07,22.68,159.11999999999998,148.475
279,183.51000000000002,22.080000000000002,162.095,148.72
280,185.255,22.259999999999998,166.075,148.965
281,187.48,22.435,170.10999999999999,148.57
282,187.92000000000002,22.61,176.44,151.63
283,187.62,22.93,184.28500000000003,150.48499999999999
284,187.51500000000001,22.7,188.54000000000002,152.53
285,186.23499999999999,22.630000000000003,194.87,154.52
286,184.105,22.315,197.95499999999998,154.85
287,181.755,22.46,200.305,155.35999999999999
288,177.70999999999998,22.685,209.195,155.75
289,175.20999999999998,22.5,212.92,156.49
290,172.215,22.905,219.04000000000002,155.85999999999999
291,167.79000000000002,22.884999999999998,224.40500000000003,156.245
292,164.145,23.330000000000002,228.35,157.385
293,160.73,23.185,234.13000000000002,158.51
294,157.73499999999999,23.07,239.205,159.32
295,154.695,22.925,246.24499999999998,162.57999999999998
296,150.23,23.09,254.565,163.745
297,146.07999999999998,23.5,256.06,165.37
298,142.5,23.985,260.59499999999997,163.52
299,138.87,24.215,268.36,167.54500000000002
300,134.31,24.4,274.78999999999996,170.85
301,128.74,24.4,281.46999999999997,172.175
302,123.4,24.115000000000002,285.2,172.145
303,119.05999999999999,23.695,288.755,174.89000000000001
304,113.715,23.695,291.93,173.68
305,110.525,23.315,294.24,174.20499999999998
306,107.67999999999999,23.325,302.16999999999996,176.18
307,105.58,23.669999999999998,309.84499999999997,177.20999999999998
308,104.6,23.275,311.91999999999996,178.76500000000001
309,103.28000000000002,22.98,318.87,179.575
310,102.69500000000001,22.52,324.235,180.135
311,103.795,22.945,327.24,180.885
312,102.835,23.015,337.09000000000003,182.24
313,103.335,23.125,340.575,181.8
314,103.12,22.965,349.055,182.82999999999998
315,102.625,22.72,351.865,180.89000000000001
316,102.785,22.765,357.55,183.065
317,103.49000000000001,22.48,364.46500000000003,183.995
318,103.845,21.744999999999997,371.21500000000003,185.66500000000002
319,104.955,21.715,377.235,184.095
320,104.69500000000001,21.31,382.425,183.14000000000001
321,105.30999999999999,21.02,388.125,183.315
322,105.43999999999998,20.975,395.95,182.465
323,107.35,21.005000000000003,402.395,183.04000000000002
324,109.78,20.805,409.51,185.07
325,110.81999999999998,21.335,414.88500000000005,182.985
326,112.13999999999999,21.475,417.43500000000006,183.515
327,114.295,21.27,420.735,184.74
328,115.915,21.544999999999998,426.88,183.38
329,117.955,22.095,431.395,182.91500000000002
330,119.77000000000001,22.169999999999998,434.73999999999995,185.365
331,119.96,22.125,441.81000000000006,186.435
332,121.30499999999999,22.0,441.895,189.20999999999998
333,122.8,21.95,445.51000000000005,191.155
334,122.89500000000001,21.994999999999997,448.125,192.67000000000002
335,123.845,22.11,451.48999999999995,196.29000000000002
336,124.37,21.845,452.575,195.51500000000001
337,124.85999999999999,22.015,454.02,197.135
338,127.17999999999999,22.145,455.21000000000004,197.78
339,128.8,22.395,457.91499999999996,200.76
340,132.23,22.725,461.21000000000004,202.31
341,135.29000000000002,23.1,463.56499999999994,200.255
342,140.115,23.175,465.11499999999995,203.225
343,143.12,23.07,465.84,203.34
344,144.095,23.259999999999998,469.34499999999997,205.60500000000002
345,147.11499999999998,22.919999999999998,473.03999999999996,209.34499999999997
346,149.5,22.73,476.035,207.48000000000002
347,152.05,22.69,480.16,207.725
348,155.295,22.475,481.975,209.78000000000003
349,158.45,22.455000000000002,483.61499999999995,212.10500000000002
350,164.13,22.955000000000002,485.605,213.85500000000002
351,169.16000000000003,22.9,484.86499999999995,213.86999999999998
352,174.44,22.910000000000004,487.26000000000005,211.98000000000002
353,177.965,22.835,489.55,210.795
354,182.275,22.98,489.83000000000004,211.23499999999999
355,186.78,23.0,493.13500000000005,211.54000000000002
356,192.065,23.125,495.275,213.73499999999999
357,195.31,23.075,497.76000000000005,212.91500000000002
358,199.675,23.095,498.525,212.36999999999998
359,203.91500000000002,22.705000000000002,498.555,212.6
360,204.57999999999998,22.255,498.555,213.11999999999998
361,203.575,22.485,498.555,215.94
362,204.035,22.46,497.765,214.90500000000003
363,204.355,22.45,497.765,215.555
364,204.65,22.485,497.765,216.435
365,202.875,22.785,497.765,215.54500000000002
366,201.185,23.14,497.765,219.92
367,198.34,23.195,497.765,220.475
368,195.925,23.43,497.765,219.99499999999998
369,192.70499999999998,22.884999999999998,497.765,218.57
370,187.975,22.3,497.765,216.25
371,185.41,22.52,499.21000000000004,216.51500000000001
372,180.43,22.835,499.21000000000004,218.73499999999999
373,177.51000000000002,22.98,499.21000000000004,220.205
374,174.76500000000001,22.915,499.21000000000004,220.54000000000002
375,172.945,23.009999999999998,499.21000000000004,220.275
376,170.535,22.78,499.21000000000004,218.64000000000001
377,170.605,22.5,499.21000000000004,220.57
378,169.005,22.6,499.21000000000004,221.59
379,168.6,22.865000000000002,499.21000000000004,222.465
380,168.34,22.935,499.21000000000004,223.23499999999999
381,170.44,22.75,499.21000000000004,223.615
382,169.33999999999997,22.65,500.0,225.32000000000002
383,169.115,22.9,500.0,225.185
384,171.125,22.869999999999997,500.0,224.52000000000004
385,171.075,22.7,500.0,225.65
386,172.365,22.57,500.0,224.795
387,174.84,22.369999999999997,500.0,224.48000000000002
388,175.4,22.25,500.0,224.18
389,176.65,22.765,500.0,228.25
390,177.44,22.825,500.0,228.10999999999999
391,177.175,22.19,500.0,226.17000000000002
392,178.63500000000002,21.215,500.0,224.295
393,179.645,21.025,500.0,224.715
394,180.555,20.869999999999997,500.0,224.385
395,180.33499999999998,20.685,500.0,225.35
396,180.325,20.815,500.0,226.24
397,177.48,20.8,500.0,225.17999999999998
398,175.425,20.54,500.0,225.935
399,171.005,20.485,500.0,227.535
400,168.74499999999998,21.055,500.0,228.59
401,166.385,20.8,500.0,231.295
402,164.35999999999999,20.85,500.0,232.185
403,160.915,20.44,500.0,232.59499999999997
404,158.18,20.41,500.0,233.65
405,158.345,20.4,500.0,235.06
406,157.18,20.104999999999997,500.0,234.24499999999998
407,155.02,19.93,500.0,237.48000000000002
408,153.255,19.925,500.0,241.67
409,152.22,19.455000000000002,500.0,239.965
410,150.73499999999999,19.7,500.0,243.59499999999997
411,149.76500000000001,19.845,500.0,248.48499999999999
412,148.505,20.54,500.0,249.84499999999997
413,147.39000000000001,20.86,500.0,251.75
414,145.95,20.95,500.0,252.92
415,145.215,21.134999999999998,500.0,253.91
416,144.135,21.28,500.0,253.00500000000002
417,145.1,21.235,500.0,256.04
418,144.26,21.365000000000002,500.0,255.315
419,145.365,21.285,500.0,251.46999999999997
420,145.82999999999998,21.259999999999998,500.0,250.465
421,146.37,21.25,500.0,246.92000000000002
422,147.975,21.565,500.0,244.98000000000002
423,149.5,21.85,500.0,246.76999999999998
424,150.22,21.69,500.0,247.84
425,151.03000000000003,22.155,500.0,245.455
426,150.905,22.419999999999998,500.0,245.85999999999999
427,151.02,22.61,500.0,243.49499999999998
428,151.32999999999998,22.445,500.0,241.99
429,152.095,22.61,500.0,243.175
430,153.195,22.435,500.0,243.58499999999998
431,154.495,22.655,500.0,240.375
432,155.77,22.47,500.0,239.425
433,156.60999999999999,22.744999999999997,500.0,239.64499999999998
434,157.78,23.0,500.0,240.84
435,158.54000000000002,22.555,500.0,241.545
436,159.465,22.855,500.0,242.41
437,158.965,23.1,500.0,242.925
438,158.82999999999998,23.215,500.0,241.61999999999998
439,157.675,23.36,500.0,243.96999999999997
440,156.1,23.05,500.0,245.25500000000002
441,154.32,23.0,500.0,245.89000000000001
442,152.445,22.78,500.0,245.285
443,150.23,22.84,500.0,245.04000000000002
444,147.935,23.29,500.0,242.17
445,146.13,22.715,500.0,244.07
446,145.41000000000003,22.895,500.0,245.325
447,144.57999999999998,23.05,500.0,245.365
448,143.95499999999998,23.294999999999998,500.0,245.275
449,142.275,23.6,500.0,244.35499999999996
450,140.685,23.665,500.0,242.43
451,138.915,23.46,500.0,242.815
452,136.575,23.11,500.0,242.84499999999997
453,134.785,22.869999999999997,500.0,240.61999999999998
454,133.70499999999998,22.565,500.0,237.86999999999998
455,132.22,22.869999999999997,500.0,234.29000000000002
456,130.82999999999998,22.615000000000002,500.0,233.885
457,130.18,22.5,500.0,230.09499999999997
458,129.94,22.835,500.0,234.455
459,130.10999999999999,23.35,500.0,233.01
460,130.895,23.11,500.0,232.64000000000001
461,131.575,23.23,500.0,232.805
462,131.95,23.4,500.0,233.90500000000003
463,134.225,23.404999999999998,500.0,231.60999999999999
464,135.655,23.1,500.0,231.25
465,137.595,23.515,500.0,229.4
466,139.685,23.115000000000002,500.0,230.33
467,141.59,22.82,500.0,228.41500000000002
468,144.06,22.675,500.0,226.50500000000002
469,147.03,22.365000000000002,500.0,226.10500000000002
470,149.60999999999999,22.405,500.0,224.63000000000002
471,152.69,22.72,500.0,225.38000000000002
472,156.57,23.0,500.0,227.16500000000002
473,159.89499999999998,22.935,500.0,226.01999999999998
474,162.715,22.895,500.0,228.035
475,165.785,22.990000000000002,500.0,228.60999999999999
476,168.365,22.830000000000002,500.0,229.125
477,171.185,22.655,500.0,229.09
478,173.8,22.025,500.0,226.75
479,177.1,21.46,500.0,228.23499999999999
480,178.98,21.515,500.0,227.21999999999997
481,181.07,21.544999999999998,500.0,226.85999999999999
482,182.34,21.625,500.0,225.475
483,183.73000000000002,21.31,500.0,227.83499999999998
484,184.845,21.4,500.0,228.84
485,184.73499999999999,20.9,500.0,228.46999999999997
486,184.70999999999998,20.925,500.0,225.70999999999998
487,184.85999999999999,21.175,500.0,227.59
488,184.85,21.585,500.0,227.67
489,184.51500000000001,21.685,500.0,228.55
490,184.245,21.4,500.0,230.305
491,183.04000000000002,21.175,500.0,230.115
492,181.43,21.265,500.0,231.66
493,179.75,21.31,500.0,233.39499999999998
494,177.54500000000002,21.25,500.0,233.64500000000004
495,175.475,21.27,500.0,234.055
496,173.5,21.445,500.0,233.93
497,171.76,22.185,500.0,235.20999999999998
498,169.91,22.259999999999998,500.0,235.08
499,167.355,22.565,500.0,233.20999999999998
500,166.23,22.52,500.0,233.44
501,165.555,22.57,500.0,234.185
502,165.55,22.44,500.0,235.955
503,163.805,22.5,500.0,234.41
504,163.62,22.405,500.0,235.115
505,164.45999999999998,22.315,500.0,236.625
506,164.41,22.48,500.0,238.7
507,164.305,22.294999999999998,500.0,239.74
508,164.245,21.85,500.0,240.4
509,164.495,22.55,500.0,239.7
510,164.215,22.665,500.0,239.06
511,164.14000000000001,22.8,500.0,238.68
512,164.07,22.695,500.0,237.52000000000004
513,164.325,22.44,500.0,238.67
514,164.755,23.1,500.0,237.42
515,165.385,22.880000000000003,500.0,240.11999999999998
516,165.99,22.665,500.0,240.60500000000002
517,166.155,22.205000000000002,500.0,239.17
518,166.07,22.045,500.0,236.715
519,166.20999999999998,21.96,500.0,236.76999999999998
520,166.03,21.915,500.0,238.455
521,165.475,21.965,500.0,238.125
522,164.79500000000002,22.15,500.0,237.23499999999999
523,164.375,22.275,500.0,235.29000000000002
524,164.275,22.255000000000003,500.0,233.435
525,164.04000000000002,22.72,500.0,231.975
526,164.66,22.505000000000003,500.0,231.49
527,165.10500000000002,22.645,500.0,230.635
528,165.02,22.84,500.0,230.67
529,163.71999999999997,22.105,500.0,229.96999999999997
530,163.785,22.065,500.0,230.05
531,163.20999999999998,22.18,500.0,230.76
532,163.23499999999999,22.09,500.0,228.88000000000002
533,163.535,22.34,500.0,227.11999999999998
534,163.855,21.69,500.0,226.425
535,164.10500000000002,21.915,500.0,225.91500000000002
536,163.69,22.259999999999998,500.0,226.72999999999996
537,164.175,22.435,500.0,227.51500000000001
538,165.965,22.915,500.0,231.51500000000001
539,166.81,22.675,500.0,232.445
540,168.7,23.14,500.0,231.4
541,169.645,23.175,500.0,233.06
542,170.47,22.93,500.0,233.545
543,171.785,22.994999999999997,500.0,238.16500000000002
544,172.85,23.055,500.0,238.91500000000002
545,172.42,22.755000000000003,500.0,239.91500000000002
546,172.74,22.884999999999998,500.0,238.23000000000002
547,172.885,22.73,500.0,238.76500000000001
548,173.85999999999999,23.169999999999998,500.0,238.8
549,175.22,23.365000000000002,500.0,240.885
550,175.27,23.755000000000003,500.0,242.13000000000002
551,175.7,23.580000000000002,500.0,242.51999999999998
552,175.815,23.490000000000002,500.0,244.25500000000002
553,175.58499999999998,23.380000000000003,500.0,244.66500000000002
554,175.63,23.31,500.0,248.05
555,175.40500000000003,23.15,500.0,245.92
556,176.095,23.025,500.0,245.125
557,175.755,22.56,500.0,244.41
558,174.625,22.25,500.0,241.96999999999997
559,174.33499999999998,22.14,500.0,242.0
560,173.51500000000001,21.955000000000002,500.0,241.39499999999998
561,173.35999999999999,21.925,500.0,240.965
562,173.94,21.82,500.0,240.935
563,174.195,21.715,500.0,239.78000000000003
564,173.68,21.73,500.0,238.575
565,173.79000000000002,21.935,500.0,238.07
566,173.10999999999999,21.955,500.0,239.925
567,172.95499999999998,21.84,500.0,240.5
568,172.75,21.509999999999998,500.0,240.10500000000002
569,172.715,21.509999999999998,500.0,239.705
570,175.03,21.15,500.0,238.35500000000002
571,177.465,20.945,500.0,238.525
572,179.76999999999998,20.825,500.0,237.705
573,182.105,20.985,500.0,238.85500000000002
574,183.315,21.355,500.0,238.785
575,185.2,21.22,500.0,239.05
576,188.905,21.185,500.0,239.58
577,192.925,21.490000000000002,500.0,239.58499999999998
578,196.48,21.990000000000002,500.0,241.545
579,200.855,22.055,500.0,241.425
580,204.095,22.015,500.0,241.88000000000002
581,207.49499999999998,21.735,500.0,241.315
582,211.295,22.035,500.0,241.68
583,215.23499999999999,21.86,500.0,242.445
584,219.59,22.125,500.0,242.86999999999998
585,223.85500000000002,21.94,500.0,245.195
586,227.975,21.945,500.0,245.61999999999998
587,232.23499999999999,22.240000000000002,500.0,243.76999999999998
588,236.35500000000002,22.265,500.0,243.455
589,240.26500000000001,22.28,500.0,242.34499999999997
590,241.93,22.2,500.0,242.59
591,243.68,21.905,500.0,244.1
592,245.815,21.945,500.0,244.10500000000002
593,248.08,21.625,500.0,242.40500000000003
594,250.195,21.235,500.0,240.25
595,251.14000000000001,21.255000000000003,500.0,239.795
596,249.96999999999997,21.3,500.0,238.51
597,248.92000000000002,21.535,500.0,241.26999999999998
598,249.36999999999998,20.93,500.0,238.33
599,249.26,20.845,500.0,238.10999999999999
600,250.21000000000004,20.994999999999997,500.0,237.93
601,250.99,21.19,500.0,238.64000000000001
602,250.92,20.994999999999997,500.0,239.82
603,251.215,21.240000000000002,500.0,239.23499999999999
604,251.35500000000002,20.94,500.0,239.7
605,252.01999999999998,21.085,500.0,237.425
606,252.48000000000002,21.1,500.0,236.48499999999999
607,252.84,21.0,500.0,237.59499999999997
608,252.78000000000003,20.97,500.0,237.98000000000002
609,252.945,20.785,500.0,239.575
610,253.57,20.93,500.0,241.14499999999998
611,254.49,21.555,500.0,237.76
612,255.66,21.555,500.0,237.31
613,255.93,22.03,500.0,238.11999999999998
614,257.935,22.57,500.0,237.50500000000002
615,261.315,22.79,500.0,238.435
616,263.87,22.715,500.0,238.76500000000001
617,265.40500000000003,22.44,500.0,236.85999999999999
618,266.82,22.669999999999998,500.0,238.10999999999999
619,267.88,22.935,500.0,238.19
620,268.53499999999997,22.465,500.0,239.075
621,268.99,22.53,500.0,239.385
622,269.585,22.825,500.0,237.42
623,268.85,22.494999999999997,500.0,236.60500000000002
624,267.685,22.64,500.0,236.6
625,267.85,22.880000000000003,500.0,236.71999999999997
626,266.665,22.97,500.0,238.85
627,266.37,22.830000000000002,500.0,239.91
628,266.735,22.805,500.0,238.58
629,267.28499999999997,22.865000000000002,500.0,236.705
630,266.985,22.955000000000002,500.0,235.73499999999999
631,267.475,22.81,500.0,237.19
632,267.12,22.805,500.0,237.225
633,268.45,22.6,500.0,237.43
634,268.475,22.31,500.0,238.935
635,266.055,22.41,500.0,238.965
636,265.975,22.5,500.0,237.17000000000002
637,266.505,22.305,500.0,235.83499999999998
638,266.175,22.525,500.0,236.50500000000002
639,266.165,22.675,500.0,236.285
640,266.275,22.935,500.0,234.51
641,266.645,22.975,500.0,233.205
642,266.665,22.77,500.0,232.17000000000002
643,268.305,23.445,500.0,231.45
644,270.96999999999997,23.195,500.0,229.99499999999998
645,270.915,23.115000000000002,500.0,232.3
646,272.68,23.015,500.0,228.73499999999999
647,273.41999999999996,23.285,500.0,227.03000000000003
648,273.98,22.975,500.0,230.675
649,274.57,22.975,500.0,232.295
650,276.7,22.68,500.0,232.5
651,277.515,22.48,500.0,233.26
652,278.665,22.68,500.0,232.34500000000003
653,279.815,22.6,500.0,232.0
654,281.635,22.82,500.0,229.44
655,284.605,22.744999999999997,500.0,229.76500000000001
656,287.04499999999996,22.619999999999997,500.0,232.99499999999998
657,289.9,23.015,500.0,233.975
658,288.81,22.994999999999997,500.0,233.80499999999998
659,290.765,22.735,500.0,233.58
660,292.90500000000003,22.93,500.0,235.185
661,294.27,22.884999999999998,500.0,233.43
662,296.28499999999997,22.79,500.0,234.275
663,295.38,22.515,500.0,235.00499999999997
664,293.645,22.57,500.0,238.4
665,295.96999999999997,22.95,500.0,237.175
666,297.09499999999997,22.994999999999997,500.0,237.66500000000002
667,298.645,22.685,500.0,236.35
668,300.63,22.75,500.0,234.635
669,301.95,22.619999999999997,500.0,233.54000000000002
670,302.675,22.544999999999998,500.0,231.88000000000002
671,305.15,22.775,500.0,230.205
672,306.48,22.66,500.0,230.35999999999999
673,306.225,22.634999999999998,500.0,229.055
674,306.33000000000004,22.34,500.0,230.205
675,305.53499999999997,22.25,500.0,227.76
676,305.53499999999997,22.315,500.0,226.94
677,305.73,22.025,500.0,226.60500000000002
678,309.75,21.595,500.0,226.25
679,310.185,21.68,500.0,225.84
680,309.515,21.72,500.0,225.185
681,309.21999999999997,21.695,500.0,225.26500000000001
682,308.395,21.544999999999998,500.0,226.12999999999997
683,309.83000000000004,21.81,500.0,224.075
684,311.65,22.39,500.0,219.96999999999997
685,310.175,21.58,500.0,218.35500000000002
686,309.09499999999997,21.535,500.0,217.91500000000002
687,308.78000000000003,22.02,500.0,218.35
688,307.55,22.119999999999997,500.0,215.98000000000002
689,307.225,22.294999999999998,500.0,215.715
690,305.49,22.35,500.0,217.055
691,302.81,22.740000000000002,500.0,216.38000000000002
692,302.115,23.044999999999998,500.0,216.38000000000002
693,301.625,22.895,500.0,216.2
694,300.815,23.565,500.0,215.455
695,300.15500000000003,23.84,500.0,217.48499999999999
696,298.21,24.119999999999997,500.0,216.01
697,296.45,24.065,500.0,217.3
698,294.68,24.28,500.0,218.18
699,292.95,24.425,500.0,218.06
700,292.855,24.375,500.0,216.40500000000003
701,293.28000000000003,24.31,500.0,217.955
702,293.61,24.575,500.0,217.28000000000003
703,293.74,24.18,500.0,218.465
704,291.485,23.835,500.0,221.185
705,291.485,23.919999999999998,500.0,221.535
706,292.51,24.48,500.0,220.92
707,292.065,24.34,500.0,221.1
708,292.025,24.4,500.0,223.705
709,291.685,24.2,500.0,222.795
710,291.74,24.425,500.0,222.275
711,291.725,23.86,500.0,223.475
712,291.18,23.71,500.0,223.90500000000003
713,290.64,23.740000000000002,500.0,223.925
714,290.725,23.21,500.0,224.625
715,292.45,22.96,500.0,223.06
716,293.975,22.875,500.0,223.32
717,295.71,22.875,500.0,220.40500000000003
718,297.125,22.675,500.0,220.49499999999998
719,299.505,22.345000000000002,500.0,221.84499999999997
720,301.20500000000004,22.115000000000002,500.0,223.385
721,302.54,22.03,500.0,222.98000000000002
722,303.76,22.125,500.0,221.81
723,303.26,21.945,500.0,221.64000000000001
724,305.46,21.73,500.0,222.125
725,305.39,22.255000000000003,500.0,222.725
726,304.735,21.505000000000003,500.0,223.715
727,304.62,21.375,500.0,223.91
728,304.475,21.37,500.0,221.75
729,304.15500000000003,21.419999999999998,500.0,224.09
730,304.78499999999997,21.43,500.0,223.85500000000002
731,304.70500000000004,21.44,500.0,224.66500000000002
732,304.87,21.494999999999997,500.0,224.98499999999999
733,305.70500000000004,21.815,500.0,224.60500000000002
734,305.6,21.6,500.0,225.295
735,302.305,21.89,500.0,227.035
736,299.26,21.509999999999998,500.0,228.435
737,295.32,21.78,500.0,230.34
738,294.04499999999996,22.3,500.0,229.625
739,292.025,22.3,500.0,230.225
740,290.195,22.55,500.0,228.34
741,288.445,22.669999999999998,500.0,227.705
742,286.05,22.445,500.0,229.01999999999998
743,285.605,22.77,500.0,229.05499999999998
744,285.32,22.78,500.0,230.2
745,285.175,22.43,500.0,230.76500000000001
746,285.84499999999997,23.02,500.0,231.805
747,286.325,22.935,500.0,231.34499999999997
748,286.84499999999997,22.69,500.0,232.41500000000002
749,287.54499999999996,22.740000000000002,500.0,232.10500000000002
750,287.52,22.69,500.0,232.045
751,287.745,22.585,500.0,233.39499999999998
752,287.725,22.305,500.0,232.95999999999998
753,287.435,22.134999999999998,500.0,234.53000000000003
754,286.95,22.275,500.0,233.84499999999997
755,289.3,21.815,500.0,234.025
756,290.765,21.794999999999998,500.0,233.25
757,291.945,21.665,500.0,234.4
758,291.29,21.315,500.0,235.805
759,291.265,21.47,500.0,235.36999999999998
760,290.985,21.435,500.0,236.26999999999998
761,290.91999999999996,21.315,500.0,238.26
762,291.805,21.419999999999998,500.0,238.94
763,292.925,21.21,500.0,240.635
764,293.70500000000004,21.2,500.0,240.075
765,294.81,21.619999999999997,500.0,240.04000000000002
766,295.58000000000004,21.21,500.0,240.95
767,296.63,21.21,500.0,242.545
768,296.88,21.18,500.0,242.66
769,296.99,21.185,500.0,242.865
770,297.355,21.41,500.0,243.39000000000001
771,296.82,21.6,500.0,242.48000000000002
772,297.945,21.785,500.0,245.035
773,298.005,21.82,500.0,245.74499999999998
774,298.84499999999997,21.7,500.0,246.85500000000002
775,299.71999999999997,21.79,500.0,246.49499999999998
776,300.83000000000004,21.990000000000002,500.0,247.225
777,303.015,22.065,500.0,247.71999999999997
778,305.4,22.69,500.0,247.25500000000002
779,307.46500000000003,22.630000000000003,500.0,249.57000000000002
780,308.90500000000003,22.775,500.0,250.885
781,310.79,22.695,500.0,251.85999999999999
782,313.015,22.53,500.0,252.45
783,314.445,22.275,500.0,251.06
784,313.99,22.125,500.0,248.9
785,313.31,21.729999999999997,500.0,250.555
786,312.985,21.735,500.0,249.85999999999999
787,315.425,21.515,500.0,251.055
788,318.40500000000003,21.715,500.0,251.9
789,322.185,21.39,500.0,252.76
790,326.04499999999996,21.35,500.0,253.26
791,330.40999999999997,21.105,500.0,254.25
792,333.235,21.404999999999998,500.0,254.73499999999999
793,335.15,21.04,500.0,256.28499999999997
794,336.71,21.03,500.0,256.44
795,340.46,21.275,500.0,257.65999999999997
796,344.625,21.35,500.0,259.775
797,346.74,21.145,500.0,258.105
798,347.46999999999997,20.16,500.0,258.63
799,348.54,20.16,500.0,257.275
800,350.105,19.655,500.0,256.15500000000003
801,351.335,19.7,500.0,255.86999999999998
802,352.19,19.56,500.0,256.03499999999997
803,353.33000000000004,19.830000000000002,500.0,257.04
804,355.99,19.91,500.0,260.4
805,359.03499999999997,19.884999999999998,500.0,258.82
806,361.65500000000003,19.86,500.0,260.015
807,360.935,20.015,500.0,260.54
808,360.32,19.97,500.0,260.58000000000004
809,359.10499999999996,20.2,500.0,262.685
810,358.195,20.01,500.0,262.45
811,357.34499999999997,20.345,500.0,262.315
812,355.935,20.125,500.0,262.385
813,356.89,20.305,500.0,260.825
814,357.83000000000004,20.625,500.0,261.60499999999996
815,356.765,20.419999999999998,500.0,261.625
816,355.46500000000003,20.275,500.0,260.58000000000004
817,355.01,20.4,500.0,262.75
818,354.475,21.39,500.0,266.14
819,353.875,21.765,500.0,266.3
820,353.95500000000004,22.005000000000003,500.0,268.61
821,353.54499999999996,21.94,500.0,270.20500000000004
822,354.79,22.18,500.0,270.695
823,356.025,22.28,500.0,271.445
824,357.58000000000004,22.419999999999998,500.0,271.54499999999996
825,358.5,22.45,500.0,276.28000000000003
826,359.27,22.685,500.0,275.745
827,361.26,22.715,500.0,273.635
828,361.685,23.130000000000003,500.0,274.95500000000004
829,363.55,23.16,500.0,274.495
830,363.3,23.615000000000002,500.0,276.225
831,366.26,23.305,500.0,279.205
832,368.355,23.705000000000002,500.0,280.025
833,370.665,24.025,500.0,280.725
834,371.68,24.080000000000002,500.0,281.825
835,371.11,24.22,500.0,283.165
836,371.66999999999996,24.435,500.0,280.70500000000004
837,372.575,24.52,500.0,282.28499999999997
838,372.54499999999996,23.8,500.0,281.685
839,371.70500000000004,23.705000000000002,500.0,283.53499999999997
840,370.77,23.4,500.0,282.07
841,370.45,23.615000000000002,500.0,281.275
842,368.15500000000003,23.64,500.0,281.61
843,365.88,23.305,500.0,281.69
844,363.355,22.98,500.0,283.225
845,360.935,22.869999999999997,500.0,281.55
846,358.04,23.21,500.0,282.44
847,354.78000000000003,23.11,500.0,284.015
848,353.79,22.919999999999998,500.0,283.66999999999996
849,351.365,23.009999999999998,500.0,283.87
850,351.195,22.61,500.0,282.145
851,347.875,22.645,500.0,280.69
852,347.95,22.375,500.0,282.44
853,347.57,22.465,500.0,283.765
854,346.45,22.21,500.0,283.69
855,347.23,21.865000000000002,500.0,284.28000000000003
856,344.84499999999997,21.765,500.0,289.245
857,345.46,21.490000000000002,500.0,288.36
858,347.11,21.46,500.0,287.195
859,349.925,21.09,500.0,289.40500000000003
860,351.7,21.875,500.0,290.505
861,353.38,21.555,500.0,290.9
862,354.41999999999996,21.384999999999998,500.0,292.75
863,356.51,21.54,500.0,295.645
864,357.66999999999996,21.845,500.0,292.325
865,359.775,21.9,500.0,291.49
866,363.08000000000004,21.15,500.0,291.51
867,366.025,22.155,500.0,292.84499999999997
868,368.4,22.330000000000002,500.0,295.48
869,369.85,22.71,500.0,292.78000000000003
870,371.555,22.625,500.0,295.725
871,371.29499999999996,22.605,500.0,295.70500000000004
872,370.37,22.25,500.0,294.875
873,369.16999999999996,21.95,500.0,295.12
874,368.695,22.275,500.0,296.28499999999997
875,368.675,22.665,500.0,296.115
876,368.755,22.585,500.0,293.635
877,367.95500000000004,22.585,500.0,292.59499999999997
878,366.21,22.494999999999997,500.0,292.38
879,366.28000000000003,22.835,500.0,290.805
880,367.075,22.355,500.0,290.59000000000003
881,367.13,22.735,500.0,292.7
882,368.20500000000004,22.95,500.0,291.2
883,367.335,23.115000000000002,500.0,291.775
884,368.75,23.415,500.0,296.1
885,369.44,23.585,500.0,298.475
886,369.45500000000004,23.7,500.0,299.78499999999997
887,369.395,22.880000000000003,500.0,299.335
888,369.325,22.565,500.0,296.775
889,370.175,22.145,500.0,297.21
890,370.53499999999997,22.71,500.0,294.725
891,372.515,23.134999999999998,500.0,295.635
892,372.815,23.3,500.0,294.235
893,373.16999999999996,23.435,500.0,294.29499999999996
894,374.81,23.47,500.0,291.56
895,375.235,22.990000000000002,500.0,292.34000000000003
896,376.48,23.09,500.0,291.90500000000003
897,376.12,23.575,500.0,294.18
898,377.425,23.75,500.0,294.53000000000003
899,376.165,23.685,500.0,293.315
900,374.54,23.645,500.0,292.985
901,372.225,23.425,500.0,291.3
902,369.735,23.145,500.0,291.39
903,369.425,23.075,500.0,290.21999999999997
904,367.415,22.685,500.0,286.515
905,365.695,22.884999999999998,500.0,281.765
906,363.54499999999996,22.945,500.0,281.76
907,361.245,23.065,500.0,281.62
908,359.19,23.235,500.0,279.98
909,356.46500000000003,23.23,500.0,281.31
910,353.81,22.665,500.0,281.09499999999997
911,351.365,22.255000000000003,500.0,279.615
912,349.41999999999996,22.195,500.0,278.505
913,347.815,22.405,500.0,276.81
914,345.71,21.994999999999997,500.0,275.235
915,343.77,22.115000000000002,500.0,273.71500000000003
916,342.84000000000003,22.195,500.0,274.075
917,341.825,21.8,500.0,272.11
918,340.515,21.71,500.0,269.2
919,339.26,21.509999999999998,500.0,267.835
920,336.77,21.66,500.0,267.46
921,337.61,22.115000000000002,500.0,264.71500000000003
922,338.34499999999997,22.14,500.0,263.18
923,337.53499999999997,22.240000000000002,500.0,261.665
924,338.28000000000003,22.325,500.0,260.79
925,338.54499999999996,22.405,500.0,263.125
926,339.79,22.53,500.0,262.74
927,341.225,22.330000000000002,500.0,261.20500000000004
928,341.46,22.369999999999997,500.0,261.57
929,342.435,22.53,500.0,259.905
930,343.16999999999996,22.919999999999998,500.0,261.20500000000004
931,345.885,23.14,500.0,261.59499999999997
932,346.4,23.435,500.0,262.09499999999997
933,346.435,23.02,500.0,264.15
934,346.195,22.965,500.0,266.43
935,347.08000000000004,23.02,500.0,265.09000000000003
936,347.19,22.634999999999998,500.0,264.775
937,350.265,22.634999999999998,500.0,266.91999999999996
938,352.45,22.65,500.0,268.96500000000003
939,354.725,23.07,500.0,266.55
940,357.23,22.805,500.0,267.03499999999997
941,359.375,22.39,500.0,268.36
942,361.235,22.6,500.0,269.1
943,364.93,22.705,500.0,269.605
944,364.82,22.9,500.0,270.335
945,364.735,22.805,500.0,270.09000000000003
946,364.76,22.715,500.0,268.88
947,364.29499999999996,22.845,500.0,269.245
948,366.355,22.369999999999997,500.0,271.28499999999997
949,366.46,22.28,500.0,275.28000000000003
950,370.71,21.845,500.0,274.15500000000003
951,374.255,21.57,500.0,271.935
952,379.695,21.395,500.0,272.895
953,384.08000000000004,21.445,500.0,268.625
954,388.64,21.52,500.0,268.36
955,390.385,21.785,500.0,271.125
956,393.815,22.015,500.0,270.9
957,394.65500000000003,22.07,500.0,268.755
958,396.41999999999996,22.06,500.0,270.16999999999996
959,397.59499999999997,21.66,500.0,271.895
960,399.355,21.66,500.0,272.13
961,400.03000000000003,21.6,500.0,274.125
962,399.29499999999996,21.490000000000002,500.0,272.9
963,396.65500000000003,21.32,500.0,273.99
964,397.57,21.165,500.0,275.88
965,398.46999999999997,20.895,500.0,275.21500000000003
966,399.175,21.075,500.0,275.365
967,399.86,20.915,500.0,273.63
968,398.80499999999995,20.84,500.0,274.08000000000004
969,399.90999999999997,20.84,500.0,272.29
970,397.4,21.075,500.0,272.74
971,397.06,21.19,500.0,274.83000000000004
972,393.39,20.96,500.0,272.585
973,392.31,21.55,500.0,275.87
974,391.425,21.395000000000003,500.0,277.02
975,392.84499999999997,21.285,500.0,276.07
976,394.175,21.615000000000002,500.0,276.855
977,395.65999999999997,21.945,500.0,277.015
978,395.46,22.105,500.0,275.695
979,394.53000000000003,22.07,500.0,277.835
980,392.02,22.515,500.0,277.02
981,388.91999999999996,22.905,500.0,274.465
982,387.195,22.665,500.0,273.44
983,389.23,22.68,500.0,270.71
984,390.42999999999995,22.575,500.0,269.145
985,388.66999999999996,22.56,500.0,269.43
986,390.04499999999996,22.5,500.0,269.145
987,391.6,22.605,500.0,271.62
988,395.24,22.98,500.0,267.305
989,396.64,22.765,500.0,263.88
990,399.52,22.720000000000002,500.0,266.11
991,397.78000000000003,22.69,500.0,265.09499999999997
992,401.79499999999996,23.005000000000003,500.0,266.305
993,403.005,22.395,500.0,264.36
994,403.765,22.794999999999998,500.0,265.96
995,404.81,23.055,500.0,266.01
996,405.37,22.555,500.0,264.33000000000004
997,404.09499999999997,22.445,500.0,263.21
998,403.38,22.419999999999998,500.0,262.36
999,405.39,22.435,500.0,261.565
1000,410.29499999999996,21.975,500.0,262.53000000000003
1001,413.63500000000005,21.695,500.0,261.96999999999997
1002,418.58500000000004,21.994999999999997,500.0,265.46999999999997
1003,419.98,22.125,500.0,265.01
1004,421.485,22.53,500.0,263.385
1005,426.48999999999995,22.41,500.0,262.51
1006,427.18,22.165,500.0,262.67
1007,427.91999999999996,22.175,500.0,260.53499999999997
1008,426.005,22.115000000000002,500.0,260.575
1009,425.825,22.395,500.0,262.025
1010,423.7,22.15,500.0,260.485
1011,423.63,22.5,500.0,258.53499999999997
1012,421.34499999999997,22.585,500.0,259.38
1013,419.975,22.9,500.0,261.78499999999997
1014,419.65500000000003,22.775,500.0,260.125
1015,417.625,22.604999999999997,500.0,259.28499999999997
1016,415.90500000000003,22.880000000000003,500.0,260.91999999999996
1017,415.96000000000004,23.009999999999998,500.0,264.585
1018,418.14,22.85,500.0,263.625
1019,418.395,22.855,500.0,265.255
1020,418.1,23.055,500.0,266.505
1021,417.225,23.165,500.0,266.8
1022,416.58000000000004,23.095,500.0,264.84499999999997
1023,415.66999999999996,22.86,500.0,265.96999999999997
1024,414.6,22.64,500.0,266.97
1025,414.01000000000005,22.880000000000003,500.0,267.58000000000004
1026,413.645,22.869999999999997,500.0,266.885
1027,413.53000000000003,22.794999999999998,500.0,268.19500000000005
1028,414.45,23.009999999999998,500.0,272.21500000000003
1029,415.005,22.735,500.0,275.635
1030,416.375,22.655,500.0,275.23
1031,417.16,22.490000000000002,500.0,277.26
1032,417.65,22.4,500.0,273.755
1033,418.275,21.935,500.0,271.09499999999997
1034,418.965,22.025,500.0,268.38
1035,420.81499999999994,22.085,500.0,267.0
1036,422.425,21.95,500.0,268.315
1037,423.11499999999995,21.85,500.0,265.175
1038,423.475,22.09,500.0,267.95
1039,423.58000000000004,22.035,500.0,267.53499999999997
1040,423.995,21.97,500.0,266.975
1041,425.605,22.015,500.0,269.15500000000003
1042,424.825,22.07,500.0,266.63
1043,424.33500000000004,22.255000000000003,500.0,265.7
1044,423.55,22.044999999999998,500.0,267.145
1045,422.77,22.025,500.0,267.61
1046,422.43500000000006,22.009999999999998,500.0,269.04
1047,421.52,22.105,500.0,268.5
1048,419.73,22.02,500.0,266.725
1049,418.70500000000004,22.105,500.0,264.81
1050,417.075,22.215,500.0,264.09499999999997
1051,413.58500000000004,21.915,500.0,263.76
1052,412.355,21.490000000000002,500.0,265.35
1053,411.23999999999995,21.945,500.0,267.43
1054,410.16,21.75,500.0,269.21500000000003
1055,408.14,21.794999999999998,500.0,272.39
1056,405.775,22.185,500.0,271.36
1057,403.675,22.11,500.0,272.68
1058,401.21999999999997,22.19,500.0,271.575
1059,399.085,22.244999999999997,500.0,270.585
1060,394.91999999999996,22.305,500.0,270.44
1061,393.635,22.09,500.0,268.54
1062,392.95500000000004,21.945,500.0,273.2
1063,392.925,21.72,500.0,274.005
1064,393.07,21.645,500.0,271.98
1065,392.75,21.605,500.0,271.365
1066,391.93,21.8,500.0,272.01
1067,391.305,22.25,500.0,275.005
1068,391.105,21.97,500.0,276.245
1069,390.78499999999997,22.04,500.0,274.69
1070,390.29499999999996,22.34,500.0,275.495
1071,391.915,22.56,500.0,277.26
1072,391.26,22.845,500.0,280.065
1073,390.245,22.695,500.0,280.275
1074,389.21999999999997,22.66,500.0,281.87
1075,388.95500000000004,22.44,500.0,280.5
1076,389.425,22.205000000000002,500.0,281.875
1077,390.21999999999997,22.009999999999998,500.0,282.375
1078,391.54499999999996,22.154999999999998,500.0,281.24
1079,393.935,22.06,500.0,282.1
1080,397.02,21.785,500.0,284.985
1081,397.88,21.965,500.0,286.90999999999997
1082,399.03000000000003,22.22,500.0,286.15500000000003
1083,399.90999999999997,22.275,500.0,286.925
1084,397.69,22.445,500.0,290.03499999999997
1085,394.36,22.31,500.0,292.34499999999997
1086,391.375,22.235,500.0,289.825
1087,392.61,21.52,500.0,290.115
1088,393.915,21.56,500.0,289.165
1089,391.82,21.279999999999998,500.0,291.48
1090,389.71500000000003,21.47,500.0,290.885
1091,390.245,21.365000000000002,500.0,288.49
1092,387.975,21.55,500.0,286.555
1093,385.605,21.445,500.0,286.0
1094,383.04,21.615000000000002,500.0,284.725
1095,382.83000000000004,21.294999999999998,500.0,285.625
1096,379.255,21.235,500.0,284.825
1097,377.1,21.655,500.0,285.39500000000004
1098,372.765,21.29,500.0,287.355
1099,367.445,21.955000000000002,500.0,287.48
1100,362.95,22.405,500.0,283.46999999999997
1101,358.395,22.345000000000002,500.0,281.95
1102,354.245,22.145,500.0,280.02
1103,349.07,22.384999999999998,500.0,279.895
1104,347.56,22.585,500.0,277.26
1105,346.8,22.8,500.0,275.69
1106,346.55,22.990000000000002,500.0,277.74
1107,342.225,23.03,500.0,277.83000000000004
1108,337.43,23.294999999999998,500.0,279.2
1109,335.985,24.065,500.0,277.175
1110,334.66999999999996,23.775,500.0,277.59000000000003
1111,330.04499999999996,23.634999999999998,500.0,277.8
1112,328.615,23.365000000000002,500.0,276.73
1113,328.065,23.630000000000003,500.0,276.03499999999997
1114,326.195,23.645,500.0,276.53499999999997
1115,321.6,23.86,500.0,274.64
1116,319.48,23.945,500.0,274.22999999999996
1117,315.70500000000004,23.4,500.0,272.125
1118,313.15999999999997,23.330000000000002,500.0,270.20500000000004
1119,310.815,22.81,500.0,269.055
1120,309.175,22.855,500.0,268.69
1121,309.07,22.925,500.0,267.775
1122,308.02,22.845,500.0,269.435
1123,308.105,22.85,500.0,270.09499999999997
1124,308.49,23.095,500.0,269.98
1125,309.01,23.07,500.0,268.66999999999996
1126,307.95500000000004,23.075,500.0,269.18
1127,306.585,23.06,500.0,265.19
1128,306.44,23.015,500.0,264.005
1129,305.645,22.555,500.0,263.31
1130,305.31,22.335,500.0,261.555
1131,305.4,22.625,500.0,261.87
1132,306.76,22.990000000000002,500.0,263.65500000000003
1133,307.725,22.755000000000003,500.0,264.85
1134,309.065,22.509999999999998,500.0,263.84000000000003
1135,312.135,22.64,500.0,264.15500000000003
1136,314.08000000000004,22.465,500.0,261.32
1137,316.565,22.805,500.0,261.725
1138,320.415,22.919999999999998,500.0,261.255
1139,325.33000000000004,22.89,500.0,259.39
1140,329.725,22.59,500.0,260.815
1141,332.71999999999997,22.884999999999998,500.0,258.95500000000004
1142,337.46500000000003,23.155,500.0,258.49
1143,342.41999999999996,22.86,500.0,259.81
1144,346.995,22.39,500.0,259.53
1145,350.57,22.265,500.0,259.38
1146,355.225,21.845,500.0,257.8
1147,361.35,22.3,500.0,258.78499999999997
1148,366.025,22.59,500.0,258.69
1149,371.265,22.575,500.0,260.77
1150,376.08000000000004,22.54,500.0,263.565
1151,380.38,22.455000000000002,500.0,265.21999999999997
1152,382.21999999999997,21.915,500.0,264.38
1153,384.07,22.03,500.0,262.935
1154,386.665,22.05,500.0,262.70500000000004
1155,387.70500000000004,22.125,500.0,261.74
1156,390.32,22.105,500.0,264.14
1157,392.245,22.05,500.0,263.52
1158,393.24,21.919999999999998,500.0,263.855
1159,392.355,22.14,500.0,266.15
1160,392.105,22.2,500.0,264.385
1161,391.33000000000004,21.595,500.0,269.52
1162,389.395,21.565,500.0,270.15500000000003
1163,387.09499999999997,21.814999999999998,500.0,267.34499999999997
1164,384.40999999999997,21.69,500.0,269.365
1165,382.78000000000003,21.585,500.0,272.015
1166,381.435,21.794999999999998,500.0,272.225
1167,378.885,21.419999999999998,500.0,271.225
1168,376.40500000000003,21.2,500.0,271.42999999999995
1169,374.35,20.86,500.0,269.46
1170,372.23,20.85,500.0,267.895
1171,370.77,20.785,500.0,266.08000000000004
1172,370.0,20.965,500.0,267.46999999999997
1173,369.34499999999997,20.81,500.0,267.225
1174,368.775,20.79,500.0,270.105
1175,368.14,20.535,500.0,272.54
1176,367.485,20.869999999999997,500.0,271.46999999999997
1177,366.70500000000004,20.619999999999997,500.0,271.79499999999996
1178,365.835,20.815,500.0,271.8
1179,365.755,20.369999999999997,500.0,270.03000000000003
1180,365.015,20.275,500.0,271.64
1181,364.935,20.57,500.0,268.995
1182,364.65,20.22,500.0,267.96999999999997
1183,364.41999999999996,20.125,500.0,266.74
1184,364.32,20.15,500.0,263.61
1185,364.185,20.240000000000002,500.0,260.68
1186,363.895,20.44,500.0,258.62
1187,363.64,20.895,500.0,259.38
1188,363.96,20.88,500.0,259.0
1189,363.87,21.15,500.0,258.675
1190,363.695,21.565,500.0,257.78000000000003
1191,363.325,21.445,500.0,256.975
1192,362.35,21.565,500.0,255.83499999999998
1193,361.485,21.43,500.0,255.1
1194,361.40999999999997,21.375,500.0,251.685
1195,361.265,21.355,500.0,250.26500000000001
1196,361.03000000000003,21.225,500.0,251.35500000000002
1197,360.995,21.240000000000002,500.0,251.09499999999997
1198,361.0,21.18,500.0,249.93
1199,361.0,21.335,500.0,249.365
1200,361.085,21.525,500.0,248.10999999999999
1201,361.11,21.625,500.0,247.3
1202,361.15999999999997,22.35,500.0,248.24499999999998
1203,361.21500000000003,22.244999999999997,500.0,248.67
1204,361.315,22.315,500.0,248.36999999999998
1205,360.95,22.384999999999998,500.0,249.81
1206,360.83000000000004,22.085,500.0,249.58499999999998
1207,360.51,21.52,500.0,249.325
1208,360.515,21.19,500.0,248.75500000000002
1209,360.40500000000003,21.11,500.0,249.76
1210,360.27,20.759999999999998,500.0,249.35999999999999
1211,360.385,21.34,500.0,248.16
1212,361.27,21.325,500.0,246.26
1213,362.15,21.7,500.0,247.615
1214,362.32,22.035,500.0,248.83499999999998
1215,362.7,22.31,500.0,247.68
1216,363.03000000000003,22.09,500.0,246.475
1217,363.225,22.435,500.0,244.08
1218,363.52,22.375,500.0,243.375
1219,363.84499999999997,22.405,500.0,243.71999999999997
1220,364.445,21.96,500.0,245.01500000000001
1221,365.02,21.985,500.0,244.67
1222,366.025,21.685,500.0,242.38000000000002
1223,366.53000000000003,21.865000000000002,500.0,242.83
1224,364.475,22.009999999999998,500.0,243.625
1225,365.2,21.744999999999997,500.0,242.57
1226,365.755,22.015,500.0,242.725
1227,366.74,22.37,500.0,242.365
1228,367.16999999999996,22.490000000000002,500.0,242.77000000000004
1229,367.44,22.815,500.0,242.775
1230,367.325,23.1,500.0,244.10500000000002
1231,367.29499999999996,22.97,500.0,246.20999999999998
1232,367.325,22.845,500.0,247.38000000000002
1233,367.15,22.715,500.0,245.5
1234,367.2,22.48,500.0,245.28000000000003
1235,367.105,22.345,500.0,244.91500000000002
1236,367.07,22.345,500.0,245.60999999999999
1237,365.8,22.15,500.0,247.63000000000002
1238,363.36,22.43,500.0,250.41
1239,360.79499999999996,22.275,500.0,250.73499999999999
1240,357.855,22.634999999999998,500.0,249.36999999999998
1241,354.91999999999996,22.265,500.0,249.31
1242,351.555,22.115000000000002,500.0,250.15
1243,348.805,22.105,500.0,249.19
1244,348.575,21.915,500.0,250.25500000000002
1245,345.91999999999996,21.975,500.0,249.63000000000002
1246,343.15500000000003,21.555,500.0,250.61000000000004
1247,340.015,21.45,500.0,251.70999999999998
1248,337.275,21.595,500.0,251.075
1249,334.77,21.494999999999997,500.0,250.74499999999998
1250,331.93,21.415,500.0,250.54000000000002
1251,328.755,21.055,500.0,250.435
1252,326.2,21.225,500.0,250.58
1253,323.28000000000003,21.335,500.0,251.41500000000002
1254,320.21500000000003,21.9,500.0,251.375
1255,317.115,22.425,500.0,251.73499999999999
1256,314.015,22.380000000000003,500.0,251.675
1257,312.2,22.65,500.0,250.48499999999999
1258,311.43,22.665,500.0,249.64499999999998
1259,310.7,22.744999999999997,500.0,249.135
1260,307.675,22.81,500.0,249.14499999999998
1261,307.075,23.15,500.0,249.865
1262,306.54499999999996,23.525,500.0,250.06
1263,305.805,23.525,500.0,249.99499999999998
1264,302.755,23.645,500.0,248.695
1265,302.15999999999997,23.945,500.0,248.19
1266,301.11,24.57,500.0,247.54000000000002
1267,300.125,24.375,500.0,246.78000000000003
1268,299.075,23.994999999999997,500.0,247.01
1269,298.09499999999997,24.09,500.0,245.35999999999999
1270,298.27,23.89,500.0,244.89000000000001
1271,298.6,23.835,500.0,245.06
1272,298.11,23.765,500.0,244.545
1273,298.12,23.43,500.0,244.96999999999997
1274,298.165,23.07,500.0,243.99499999999998
1275,298.165,22.46,500.0,244.65
1276,298.18,22.35,500.0,244.39499999999998
1277,298.695,22.44,500.0,244.775
1278,298.64,22.11,500.0,243.93
1279,298.85,22.46,500.0,244.08499999999998
1280,301.3,22.259999999999998,500.0,246.305
1281,301.43,22.119999999999997,500.0,246.41
1282,301.505,21.805,500.0,245.59500000000003
1283,301.605,21.77,500.0,246.83499999999998
1284,303.96500000000003,21.48,500.0,247.76
1285,304.015,21.535,500.0,248.74499999999998
1286,305.7,21.265,500.0,249.315
1287,306.495,21.52,500.0,248.76
1288,308.84000000000003,21.71,500.0,248.865
1289,309.305,21.55,500.0,249.35
1290,309.385,21.744999999999997,500.0,248.175
1291,310.53000000000003,21.994999999999997,500.0,247.64000000000001
1292,310.945,21.994999999999997,500.0,248.81
1293,311.625,22.16,500.0,247.95999999999998
1294,312.63,21.869999999999997,500.0,247.475
1295,313.085,21.82,500.0,247.25500000000002
1296,313.15999999999997,22.425,500.0,248.01500000000001
1297,314.59499999999997,21.935,500.0,248.32999999999998
1298,317.11,21.655,500.0,249.09
1299,318.145,21.41,500.0,249.41500000000002
1300,320.865,21.32,500.0,247.49499999999998
1301,323.82,21.380000000000003,500.0,247.40500000000003
1302,326.66999999999996,21.16,500.0,246.51500000000001
1303,329.62,21.41,500.0,246.20999999999998
1304,332.09499999999997,21.825,500.0,245.56
1305,335.135,21.395,500.0,245.20999999999998
1306,336.855,21.32,500.0,244.57
1307,339.015,21.445,500.0,245.26
1308,339.32,21.705000000000002,500.0,244.09
1309,342.36,21.57,500.0,244.45499999999998
1310,344.885,21.544999999999998,500.0,246.555
1311,348.81,21.565,500.0,246.205
1312,353.45,21.485,500.0,244.35
1313,358.375,21.54,500.0,245.24499999999998
1314,361.89,21.69,500.0,246.935
1315,365.375,21.619999999999997,500.0,245.785
1316,369.485,21.515,500.0,244.59
1317,371.995,21.445,500.0,245.175
1318,373.315,21.855,500.0,243.88000000000002
1319,375.79,21.619999999999997,500.0,243.185
1320,376.395,22.205000000000002,500.0,243.885
1321,376.985,22.03,500.0,244.325
1322,377.65,22.259999999999998,500.0,245.19
1323,378.57,22.05,500.0,244.07
1324,380.09499999999997,21.919999999999998,500.0,244.51999999999998
1325,380.815,22.16,500.0,244.715
1326,381.32,22.115000000000002,500.0,245.33499999999998
1327,383.13,22.055,500.0,246.035
1328,385.07,21.915,500.0,248.45999999999998
1329,385.79,21.919999999999998,500.0,248.89000000000001
1330,386.025,22.165,500.0,248.71999999999997
1331,385.765,21.955000000000002,500.0,249.65
1332,385.485,22.185,500.0,249.03000000000003
1333,384.45500000000004,22.1,500.0,249.89000000000001
1334,384.2,22.369999999999997,500.0,249.33
1335,384.78499999999997,22.535,500.0,249.15
1336,385.11,22.19,500.0,248.465
1337,383.53499999999997,22.455000000000002,500.0,249.22000000000003
1338,384.815,22.455000000000002,500.0,250.03000000000003
1339,385.235,22.97,500.0,250.01500000000001
1340,385.90999999999997,22.369999999999997,500.0,248.52000000000004
1341,386.06,22.494999999999997,500.0,249.4
1342,386.935,22.55,500.0,250.20999999999998
1343,388.48,22.95,500.0,250.58499999999998
1344,389.96500000000003,23.015,500.0,251.15500000000003
1345,391.63,23.095,500.0,251.51999999999998
1346,394.015,22.96,500.0,250.525
1347,395.48,22.845,500.0,249.39000000000001
1348,397.125,22.81,500.0,247.40500000000003
1349,398.68,23.09,500.0,246.635
1350,401.475,22.645,500.0,246.34499999999997
1351,402.085,22.75,500.0,245.0
1352,400.39,22.75,500.0,246.385
1353,401.48,23.05,500.0,245.67
1354,402.78499999999997,22.884999999999998,500.0,244.91
1355,403.59499999999997,23.025,500.0,246.74499999999998
1356,404.65,23.130000000000003,500.0,248.3
1357,407.21500000000003,22.95,500.0,246.195
1358,407.475,22.740000000000002,500.0,244.535
1359,407.235,22.665,500.0,246.35499999999996
1360,406.735,22.905,500.0,247.35999999999999
1361,404.0,22.79,500.0,245.825
1362,400.885,22.865000000000002,500.0,244.90499999999997
1363,397.005,22.384999999999998,500.0,245.23499999999999
1364,393.225,22.119999999999997,500.0,246.35
1365,389.52,21.95,500.0,246.74
1366,384.82,21.990000000000002,500.0,247.26
1367,380.305,22.265,500.0,247.23499999999999
1368,375.79499999999996,22.165,500.0,247.925
1369,372.03,22.04,500.0,248.975
1370,366.64,22.305,500.0,249.24
1371,362.96,22.119999999999997,500.0,251.88000000000002
1372,358.255,21.884999999999998,500.0,251.84
1373,351.085,21.47,500.0,251.58499999999998
1374,343.555,21.5,500.0,251.69
1375,336.515,21.4,500.0,251.035
1376,329.5,21.3,500.0,251.965
1377,323.04499999999996,21.265,500.0,253.435
1378,314.33000000000004,21.64,500.0,254.16
1379,307.39,21.294999999999998,500.0,251.89000000000001
1380,302.69,21.03,500.0,251.88000000000002
1381,300.28000000000003,21.07,500.0,250.535
1382,299.985,20.869999999999997,500.0,251.24
1383,300.05,20.865000000000002,500.0,252.23499999999999
1384,297.65,21.185,500.0,251.795
1385,297.635,21.19,500.0,252.675
1386,295.64,21.5,500.0,252.14499999999998
1387,295.70500000000004,21.96,500.0,252.01999999999998
1388,293.245,22.36,500.0,251.21999999999997
1389,292.79499999999996,22.744999999999997,500.0,251.01
1390,291.1,22.7,500.0,251.12999999999997
1391,290.12,22.69,500.0,248.24499999999998
1392,290.55,23.45,500.0,246.94
1393,290.99,23.509999999999998,500.0,245.95999999999998
1394,291.745,23.634999999999998,500.0,244.93
1395,292.13,23.985,500.0,245.16
1396,292.46500000000003,24.215,500.0,243.115
1397,292.27,24.29,500.0,240.85
1398,294.425,24.625,500.0,240.195
1399,296.115,24.755,500.0,241.575
1400,296.0,24.75,500.0,239.955
1401,295.53499999999997,24.86,500.0,241.69
1402,290.79499999999996,25.05,500.0,241.58500000000004
1403,287.88,25.139999999999997,500.0,240.285
1404,287.15,25.115000000000002,500.0,240.04000000000002
1405,281.83000000000004,25.675,500.0,238.85500000000002
1406,281.27,25.565,500.0,240.28000000000003
1407,278.73,24.795,500.0,240.84499999999997
1408,278.355,24.195,500.0,244.76500000000001
1409,274.125,23.575,500.0,245.66
1410,272.085,23.5,500.0,244.35500000000002
1411,268.385,23.515,500.0,246.39499999999998
1412,266.96500000000003,22.645,500.0,248.555
1413,265.605,22.785,500.0,248.74
1414,265.355,22.9,500.0,248.92
1415,265.21500000000003,22.41,500.0,247.56
1416,264.5,22.82,500.0,246.635
1417,264.54499999999996,22.85,500.0,248.455
1418,264.765,22.47,500.0,249.535
1419,265.09000000000003,22.490000000000002,500.0,246.965
1420,265.33000000000004,22.71,500.0,248.15500000000003
1421,266.02,22.56,500.0,247.35
1422,268.59499999999997,22.335,500.0,247.705
1423,268.585,22.25,500.0,249.055
1424,268.87,22.685,500.0,248.38000000000002
1425,268.63,22.36,500.0,248.98000000000002
1426,266.355,22.325,500.0,248.65
1427,264.065,22.215,500.0,248.445
1428,261.935,22.63,500.0,244.94
1429,261.23,22.64,500.0,242.24
1430,261.015,22.61,500.0,242.93
1431,260.15999999999997,22.494999999999997,500.0,242.15500000000003
1432,259.125,23.025,500.0,243.115
1433,258.125,23.419999999999998,500.0,244.385
1434,255.315,23.015,500.0,246.385
1435,253.13000000000002,23.134999999999998,500.0,247.61999999999998
1436,253.19,22.3,500.0,249.275
1437,252.35999999999999,22.445,500.0,248.83499999999998
1438,252.01,22.21,500.0,249.15500000000003
1439,251.865,22.11,500.0,251.85500000000002
1440,251.32,22.48,500.0,253.575
1441,251.05,22.470000000000002,500.0,255.295
1442,250.965,22.32,500.0,255.40500000000003
1443,251.14000000000001,22.3,500.0,254.74500000000003
1444,251.19,21.880000000000003,500.0,256.03499999999997
1445,253.56,21.695,500.0,255.11999999999998
1446,255.99,21.565,500.0,256.115
1447,258.44,21.945,500.0,256.83
1448,260.865,21.880000000000003,500.0,257.995
1449,263.04,22.1,500.0,258.8
1450,264.74,22.41,500.0,258.1
1451,265.65500000000003,22.41,500.0,258.35
1452,266.68,21.93,500.0,256.675
1453,268.26,21.330000000000002,500.0,256.86
1454,270.12,21.25,500.0,254.75
1455,269.755,20.884999999999998,500.0,252.945
1456,267.09000000000003,21.369999999999997,500.0,252.8
1457,267.20500000000004,21.515,500.0,252.45
1458,264.515,21.625,500.0,253.79000000000002
1459,261.885,21.555,500.0,254.2
1460,259.805,20.955000000000002,500.0,250.365
1461,257.71,20.91,500.0,248.785
1462,255.49,21.205000000000002,500.0,248.81
1463,255.66,21.259999999999998,500.0,248.60500000000002
1464,255.64499999999998,20.869999999999997,500.0,247.31
1465,253.85999999999999,20.95,500.0,246.8
1466,251.675,20.9,500.0,246.26
1467,250.795,20.665,500.0,247.68
1468,248.685,20.945,500.0,244.555
1469,247.205,20.73,500.0,246.21999999999997
1470,246.15,20.43,500.0,245.965
1471,245.68,20.515,500.0,244.135
1472,245.075,20.61,500.0,245.03000000000003
1473,244.1,20.655,500.0,246.09499999999997
1474,243.455,21.244999999999997,500.0,247.07999999999998
1475,244.24499999999998,22.115000000000002,500.0,247.43
1476,245.79000000000002,21.78,500.0,248.185
1477,247.225,21.515,500.0,248.91500000000002
1478,251.26500000000001,21.595,500.0,248.035
1479,252.45,21.56,500.0,247.74499999999998
1480,255.815,21.955000000000002,500.0,250.18
1481,259.555,21.919999999999998,500.0,251.35500000000002
1482,262.505,21.935,500.0,251.39499999999998
1483,260.40500000000003,22.435,500.0,250.89499999999998
1484,260.78499999999997,22.615000000000002,500.0,251.16500000000002
1485,263.015,22.65,500.0,251.89499999999998
1486,264.71999999999997,23.045,500.0,250.70999999999998
1487,265.675,22.975,500.0,249.76999999999998
1488,265.96500000000003,22.595,500.0,251.725
1489,266.385,22.64,500.0,251.815
1490,270.98,22.465,500.0,251.26
1491,274.44,22.675,500.0,252.715
1492,277.21,23.15,500.0,252.06
1493,280.475,23.02,500.0,252.185
1494,283.32,22.54,500.0,254.10500000000002
1495,283.505,22.134999999999998,500.0,254.885
1496,283.15,22.325,500.0,254.425
1497,283.56,22.84,500.0,254.08
1498,283.46,22.665,500.0,254.1
1499,285.365,22.78,500.0,252.61999999999998
1500,284.975,22.855,500.0,251.635
1501,284.40500000000003,22.78,500.0,250.025
1502,284.59499999999997,22.505000000000003,500.0,249.425
1503,287.075,21.884999999999998,500.0,250.73000000000002
1504,287.35,22.07,500.0,251.43
1505,288.08000000000004,21.65,500.0,250.99
1506,289.79499999999996,21.475,500.0,252.325
1507,290.8,21.53,500.0,251.9
1508,293.71999999999997,21.869999999999997,500.0,252.28000000000003
1509,296.58000000000004,21.765,500.0,250.84
1510,295.29,22.1,500.0,250.32
1511,295.21999999999997,22.305,500.0,249.865
1512,295.64,21.82,500.0,249.805
1513,294.57,22.095,500.0,248.885
1514,294.84000000000003,22.555,500.0,247.065
1515,298.48,22.435,500.0,246.965
1516,302.63,22.259999999999998,500.0,245.865
1517,303.625,21.884999999999998,500.0,246.53000000000003
1518,304.635,21.915,500.0,246.60999999999999
1519,306.32,21.965,500.0,250.42
1520,307.945,21.61,500.0,252.075
1521,309.29,21.735,500.0,253.54000000000002
1522,309.52,22.115000000000002,500.0,251.6
1523,309.865,22.02,500.0,250.825
1524,310.45500000000004,21.965,500.0,249.975
1525,311.235,22.36,500.0,250.20999999999998
1526,311.76,22.085,500.0,249.08499999999998
1527,312.885,22.05,500.0,247.23499999999999
1528,314.1,21.695,500.0,248.69
1529,314.95500000000004,22.075,500.0,248.67
1530,315.79,21.919999999999998,500.0,248.75500000000002
1531,316.82,21.7,500.0,249.465
1532,317.89,21.6,500.0,249.59
1533,319.5,21.56,500.0,247.65
1534,320.415,21.02,500.0,248.01999999999998
1535,320.86,20.95,500.0,250.04500000000002
1536,321.15999999999997,21.075,500.0,249.51
1537,321.515,21.125,500.0,249.58499999999998
1538,322.08000000000004,21.130000000000003,500.0,248.10999999999999
1539,320.255,21.125,500.0,244.965
1540,318.23,21.244999999999997,500.0,244.01999999999998
1541,316.005,21.244999999999997,500.0,243.44
1542,314.94,21.105,500.0,246.875
1543,313.945,21.535,500.0,248.84500000000003
1544,313.04499999999996,21.825,500.0,248.16500000000002
1545,311.185,21.64,500.0,247.04000000000002
1546,309.64,22.065,500.0,248.1
1547,309.02,22.125,500.0,248.89499999999998
1548,307.04,22.285,500.0,247.90500000000003
1549,304.81,21.925,500.0,247.76
1550,302.62,22.275,500.0,248.09499999999997
1551,302.04499999999996,22.045,500.0,247.64000000000001
1552,299.84499999999997,22.435,500.0,247.13000000000002
1553,298.6,22.565,500.0,248.295
1554,297.495,22.8,500.0,248.20999999999998
1555,296.825,22.81,500.0,246.285
1556,295.925,22.81,500.0,248.98000000000002
1557,295.36,22.61,500.0,248.82
1558,294.34000000000003,22.535,500.0,249.795
1559,295.74,22.830000000000002,500.0,251.125
1560,297.375,23.04,500.0,251.08499999999998
1561,299.065,23.119999999999997,500.0,250.98000000000002
1562,300.82,22.95,500.0,251.26500000000001
1563,302.59000000000003,22.65,500.0,249.08499999999998
1564,303.93,22.625,500.0,248.39499999999998
1565,306.03499999999997,22.8,500.0,251.49499999999998
1566,307.65,22.465,500.0,252.09499999999997
1567,307.725,22.490000000000002,500.0,252.375
1568,309.02,22.384999999999998,500.0,252.07999999999998
1569,310.54499999999996,22.685,500.0,253.215
1570,312.085,22.384999999999998,500.0,254.825
1571,312.2,22.744999999999997,500.0,255.525
1572,313.46500000000003,22.735000000000003,500.0,256.835
1573,311.895,22.46,500.0,256.915
1574,309.96500000000003,22.6,500.0,257.09000000000003
1575,307.04499999999996,22.86,500.0,258.59499999999997
1576,304.855,22.509999999999998,500.0,256.40500000000003
1577,302.445,22.655,500.0,256.2
1578,300.505,22.775,500.0,255.91500000000002
1579,298.375,22.47,500.0,256.23
1580,297.225,22.305,500.0,257.975
1581,295.09499999999997,22.294999999999998,500.0,256.95500000000004
1582,293.66999999999996,22.375,500.0,254.975
1583,292.54,22.91,500.0,255.53000000000003
1584,291.63,22.869999999999997,500.0,258.1
1585,290.59000000000003,22.84,500.0,256.36
1586,290.40500000000003,22.919999999999998,500.0,256.28000000000003
1587,290.515,23.195,500.0,257.42
1588,291.335,23.05,500.0,256.95
1589,291.87,23.145,500.0,255.935
1590,292.40500000000003,23.145,500.0,257.72999999999996
1591,292.615,22.985,500.0,255.60500000000002
1592,292.875,22.965,500.0,255.26999999999998
1593,295.82,22.915,500.0,256.38
1594,297.835,22.445,500.0,255.25
1595,300.90500000000003,22.13,500.0,255.38000000000002
1596,303.90999999999997,22.75,500.0,256.40999999999997
1597,306.86,22.79,500.0,258.735
1598,309.7,22.544999999999998,500.0,260.51
1599,312.59499999999997,22.630000000000003,500.0,258.475
1600,314.44,22.465,500.0,256.69
1601,317.375,22.375,500.0,257.115
1602,319.86,22.265,500.0,259.23
1603,322.09000000000003,21.875,500.0,260.3
1604,323.41999999999996,21.68,500.0,259.96
1605,325.15500000000003,21.425,500.0,261.46
1606,326.16999999999996,21.73,500.0,259.93
1607,327.70500000000004,21.925,500.0,259.27000000000004
1608,328.515,22.09,500.0,259.815
1609,329.49,21.85,500.0,261.09000000000003
1610,330.09000000000003,21.595,500.0,258.49
1611,331.12,21.375,500.0,260.56
1612,332.44,20.985,500.0,261.665
1613,333.265,21.02,500.0,262.185
1614,334.45500000000004,21.175,500.0,263.20500000000004
1615,334.66999999999996,21.625,500.0,262.59000000000003
1616,334.515,21.555,500.0,262.95500000000004
1617,335.15,21.369999999999997,500.0,260.575
1618,335.875,21.625,500.0,259.82
1619,336.5,21.53,500.0,261.725
1620,337.19,21.43,500.0,263.54
1621,338.02,21.25,500.0,265.185
1622,338.435,21.225,500.0,263.76
1623,338.735,21.035,500.0,263.135
1624,339.63,20.8,500.0,261.825
1625,337.555,21.04,500.0,261.385
1626,335.94,21.175,500.0,261.93999999999994
1627,336.21,20.775,500.0,261.53499999999997
1628,336.54,20.98,500.0,262.31
1629,335.335,20.805,500.0,260.98
1630,334.26,21.125,500.0,261.57
1631,334.665,21.625,500.0,261.055
1632,335.05,21.39,500.0,261.65999999999997
1633,335.195,21.365000000000002,500.0,260.44
1634,335.96,21.355,500.0,260.56
1635,337.15999999999997,20.97,500.0,261.38
1636,338.115,20.735,500.0,262.585
1637,338.59499999999997,20.795,500.0,263.435
1638,339.25,20.669999999999998,500.0,266.585
1639,340.59499999999997,20.925,500.0,264.88
1640,342.04499999999996,21.044999999999998,500.0,264.335
1641,342.73,21.3,500.0,264.04499999999996
1642,344.005,21.225,500.0,264.70500000000004
1643,344.86,21.965,500.0,263.71500000000003
1644,345.19,22.095,500.0,264.28499999999997
1645,349.255,22.085,500.0,264.32
1646,352.255,21.759999999999998,500.0,265.77
1647,353.28499999999997,21.425,500.0,266.25
1648,354.235,21.264999999999997,500.0,266.38
1649,356.865,21.465,500.0,267.445
1650,359.76,21.505000000000003,500.0,269.305
1651,360.12,21.15,500.0,269.475
1652,360.49,21.55,500.0,269.55
1653,360.825,21.865000000000002,500.0,269.59499999999997
1654,361.21,21.875,500.0,269.645
1655,361.82,22.145,500.0,267.96500000000003
1656,362.265,21.985,500.0,266.83000000000004
1657,362.255,22.419999999999998,500.0,267.665
1658,361.96500000000003,22.69,500.0,263.96
1659,361.23,22.39,500.0,265.685
1660,360.38,22.595,500.0,265.88
1661,359.365,22.79,500.0,265.415
1662,357.355,22.975,500.0,266.325
1663,356.925,22.494999999999997,500.0,267.11
1664,357.555,22.419999999999998,500.0,267.31
1665,356.51,22.315,500.0,267.415
1666,356.115,22.4,500.0,266.57
1667,355.1,22.7,500.0,267.57
1668,355.015,22.615000000000002,500.0,267.485
1669,354.44,22.57,500.0,267.81
1670,354.305,22.2,500.0,266.835
1671,354.14,22.605,500.0,267.475
1672,354.28000000000003,22.515,500.0,265.995
1673,354.385,22.48,500.0,266.5
1674,354.815,22.715,500.0,266.08000000000004
1675,354.885,22.55,500.0,267.065
1676,353.65500000000003,22.65,500.0,266.83000000000004
1677,349.885,22.11,500.0,265.875
1678,345.03499999999997,21.835,500.0,266.625
1679,342.335,22.055,500.0,266.945
1680,340.33000000000004,21.84,500.0,265.585
1681,339.58000000000004,21.695,500.0,265.43
1682,339.18,21.925,500.0,263.0
1683,337.65,21.695,500.0,263.34499999999997
1684,335.355,21.785,500.0,263.43
1685,335.77,21.8,500.0,261.525
1686,335.605,21.880000000000003,500.0,260.745
1687,332.56,21.755000000000003,500.0,259.645
1688,330.78000000000003,22.065,500.0,259.77
1689,330.01,22.05,500.0,258.25
1690,328.815,22.145,500.0,258.935
1691,327.90500000000003,22.055,500.0,258.95
1692,327.105,22.16,500.0,257.30499999999995
1693,326.225,21.96,500.0,256.54499999999996
1694,324.635,21.65,500.0,257.645
1695,323.195,21.68,500.0,256.82
1696,323.16999999999996,21.61,500.0,256.52
1697,325.255,21.630000000000003,500.0,256.6
1698,329.15,21.45,500.0,257.03000000000003
1699,330.875,21.419999999999998,500.0,257.175
1700,330.1,21.435,500.0,256.71
1701,331.245,21.345,500.0,257.635
1702,332.18,20.794999999999998,500.0,258.34000000000003
1703,333.165,20.895000000000003,500.0,255.05
1704,334.555,20.72,500.0,255.18
1705,333.665,20.630000000000003,500.0,255.98000000000002
1706,333.65,20.395,500.0,254.76999999999998
1707,336.36,20.28,500.0,256.90999999999997
1708,337.165,20.244999999999997,500.0,257.225
1709,337.13,20.15,500.0,258.23
1710,336.915,20.375,500.0,258.28000000000003
1711,338.975,19.990000000000002,500.0,257.23
1712,340.1,20.195,500.0,256.89500000000004
1713,342.34499999999997,20.02,500.0,256.835
1714,344.735,20.3,500.0,257.03499999999997
1715,347.44,20.355,500.0,255.60999999999999
1716,350.125,20.8,500.0,255.00500000000002
1717,353.145,20.98,500.0,254.475
1718,354.565,21.330000000000002,500.0,253.61999999999998
1719,356.05,21.155,500.0,251.95999999999998
1720,358.46500000000003,21.325,500.0,252.85500000000002
1721,359.185,21.45,500.0,252.275
1722,360.14,21.78,500.0,251.95999999999998
1723,359.635,21.785,500.0,254.74499999999998
1724,360.665,21.97,500.0,253.59499999999997
1725,360.805,22.125,500.0,252.08
1726,360.28499999999997,22.59,500.0,253.54000000000002
1727,359.225,23.044999999999998,500.0,251.73000000000002
1728,359.665,22.735,500.0,250.83499999999998
1729,360.69,23.055,500.0,250.08
1730,360.815,22.755000000000003,500.0,248.94
1731,359.385,23.035,500.0,248.565
1732,358.02,22.994999999999997,500.0,248.93
1733,355.69,23.125,500.0,247.785
1734,353.63,22.994999999999997,500.0,246.625
1735,351.495,23.294999999999998,500.0,248.55
1736,349.555,22.744999999999997,500.0,248.99
1737,347.46999999999997,22.415,500.0,248.0
1738,346.29,22.405,500.0,247.26
1739,345.21500000000003,22.6,500.0,246.935
1740,344.815,23.27,500.0,246.82
1741,344.16999999999996,23.09,500.0,246.64000000000001
1742,343.15500000000003,23.04,500.0,245.89000000000001
1743,342.89,22.965,500.0,245.21999999999997
1744,340.35,22.905,500.0,245.11999999999998
1745,338.52,22.86,500.0,246.185
1746,337.93,22.185,500.0,245.545
1747,338.005,21.755000000000003,500.0,245.18
1748,336.355,21.865000000000002,500.0,244.805
1749,334.675,21.71,500.0,244.795
1750,334.3,21.91,500.0,243.59
1751,333.79499999999996,21.855,500.0,243.38000000000002
1752,333.645,21.785,500.0,243.68
1753,333.995,22.31,500.0,244.365
1754,334.01,22.285,500.0,244.00500000000002
1755,334.445,21.65,500.0,243.57
1756,334.43,22.080000000000002,500.0,243.7
1757,332.08000000000004,22.244999999999997,500.0,243.76999999999998
1758,332.03499999999997,22.369999999999997,500.0,244.295
1759,332.115,22.335,500.0,244.615
1760,332.11,21.3,500.0,243.825
1761,332.34000000000003,21.675,500.0,242.545
1762,333.03000000000003,21.79,500.0,244.32
1763,333.59499999999997,21.86,500.0,244.92
1764,335.005,22.28,500.0,246.115
1765,336.105,23.130000000000003,500.0,245.96999999999997
1766,336.565,23.240000000000002,500.0,246.25500000000002
1767,336.66999999999996,23.835,500.0,245.48499999999999
1768,336.70500000000004,23.815,500.0,244.76
1769,336.495,23.64,500.0,245.35
1770,336.005,23.759999999999998,500.0,245.64499999999998
1771,335.685,23.735,500.0,246.125
1772,335.65999999999997,23.79,500.0,245.59
1773,335.015,23.65,500.0,243.78000000000003
1774,334.70500000000004,23.830000000000002,500.0,244.375
1775,333.58000000000004,23.945,500.0,243.71999999999997
1776,332.15999999999997,24.065,500.0,243.06
1777,333.61,24.28,500.0,242.53000000000003
1778,333.36,23.89,500.0,241.84499999999997
1779,332.725,24.235,500.0,240.975
1780,332.585,24.330000000000002,500.0,239.625
1781,331.75,24.195,500.0,240.45
1782,331.165,24.35,500.0,238.78000000000003
1783,331.275,24.884999999999998,500.0,238.46999999999997
1784,331.91999999999996,24.715,500.0,238.06
1785,332.63,23.965,500.0,237.86999999999998
1786,332.815,24.285,500.0,236.795
1787,333.13,24.19,500.0,237.18
1788,333.585,24.195,500.0,237.175
1789,333.95500000000004,24.19,500.0,237.195
1790,334.445,23.895,500.0,236.86999999999998
1791,334.45500000000004,23.945,500.0,237.66500000000002
1792,334.46,23.515,500.0,238.875
1793,334.45,23.52,500.0,239.54000000000002
1794,334.6,23.32,500.0,238.775
1795,334.89,23.494999999999997,500.0,239.54000000000002
1796,335.95500000000004,23.255,500.0,239.34499999999997
1797,336.59499999999997,23.080000000000002,500.0,239.565
1798,335.865,23.48,500.0,240.55
1799,334.79,23.0,500.0,240.385
1800,334.03000000000003,23.68,500.0,242.19
1801,333.665,24.080000000000002,500.0,241.88000000000002
1802,333.165,23.94,500.0,242.25500000000002
1803,332.685,23.435,500.0,243.26500000000001
1804,331.695,23.445,500.0,243.065
1805,331.055,23.55,500.0,243.065
1806,330.665,23.490000000000002,500.0,244.06
1807,330.46,22.794999999999998,500.0,244.78000000000003
1808,330.745,22.585,500.0,245.31
1809,330.925,22.65,500.0,244.885
1810,331.09000000000003,22.79,500.0,245.96999999999997
1811,331.185,22.735,500.0,245.06
1812,331.05,23.1,500.0,244.83
1813,331.325,22.775,500.0,244.85999999999999
1814,331.98,23.07,500.0,244.75500000000002
1815,332.2,22.98,500.0,245.305
1816,332.18,22.9,500.0,246.39499999999998
1817,332.275,22.555,500.0,247.825
1818,332.935,22.1,500.0,247.53000000000003
1819,333.82,21.95,500.0,248.41
1820,333.86,21.415,500.0,248.49
1821,333.415,20.740000000000002,500.0,247.93
1822,332.71500000000003,20.82,500.0,248.125
1823,330.11,20.994999999999997,500.0,246.51999999999998
1824,329.355,20.785,500.0,246.135
1825,329.27,20.535,500.0,246.40500000000003
1826,328.185,20.57,500.0,246.805
1827,327.96999999999997,21.369999999999997,500.0,245.885
1828,325.025,21.64,500.0,247.16
1829,324.115,21.565,500.0,247.275
1830,323.445,21.725,500.0,246.82
1831,323.21500000000003,21.935,500.0,246.35999999999999
1832,323.08000000000004,21.759999999999998,500.0,246.025
1833,322.25,22.04,500.0,246.79000000000002
1834,321.61,21.755000000000003,500.0,246.865
1835,318.99,21.869999999999997,500.0,246.20999999999998
1836,316.365,22.009999999999998,500.0,246.49499999999998
1837,313.93,22.195,500.0,246.01500000000001
1838,311.305,22.71,500.0,245.45999999999998
1839,308.605,22.794999999999998,500.0,247.23499999999999
1840,306.45,22.66,500.0,246.775
1841,304.435,23.19,500.0,247.55
1842,302.07,22.955000000000002,500.0,246.76500000000001
1843,302.415,22.645,500.0,248.60999999999999
1844,300.8,22.305,500.0,249.01
1845,298.40500000000003,22.68,500.0,249.44
1846,297.085,22.805,500.0,250.15
1847,294.135,22.195,500.0,250.65
1848,293.46500000000003,21.91,500.0,249.93
1849,291.39,22.055,500.0,249.725
1850,286.755,21.77,500.0,248.935
1851,284.505,21.380000000000003,500.0,249.04000000000002
1852,282.3,21.215,500.0,248.795
1853,280.32,20.89,500.0,249.035
1854,277.06,20.86,500.0,249.68
1855,276.59000000000003,20.655,500.0,251.3
1856,276.275,20.630000000000003,500.0,249.88000000000002
1857,275.395,20.955000000000002,500.0,250.525
1858,275.52,20.47,500.0,251.325
1859,275.91999999999996,20.490000000000002,500.0,250.16500000000002
1860,276.005,20.72,500.0,250.26999999999998
1861,273.55,20.595,500.0,250.45
1862,273.71500000000003,21.19,500.0,250.7
1863,273.175,21.285,500.0,249.95
1864,272.26,21.455000000000002,500.0,249.39499999999998
1865,272.19,21.065,500.0,249.90500000000003
1866,271.59499999999997,20.73,500.0,248.26999999999998
1867,271.945,21.0,500.0,247.725
1868,271.145,21.355,500.0,246.55
1869,271.395,21.345,500.0,247.00500000000002
1870,273.425,21.335,500.0,249.045
1871,272.9,21.525,500.0,250.935
1872,272.53000000000003,21.525,500.0,250.875
1873,271.96999999999997,21.66,500.0,252.39499999999998
1874,271.88,21.81,500.0,254.19
1875,272.135,21.830000000000002,500.0,252.85999999999999
1876,272.135,22.025,500.0,254.48499999999999
1877,272.14,21.79,500.0,254.58
1878,271.395,21.85,500.0,255.325
1879,270.69,22.35,500.0,255.70999999999998
1880,269.8,22.275,500.0,256.455
1881,271.71,22.025,500.0,256.725
1882,271.765,21.645,500.0,256.875
1883,271.835,21.66,500.0,258.34499999999997
1884,272.395,22.07,500.0,259.95500000000004
1885,272.13,22.02,500.0,261.09000000000003
1886,272.44,22.195,500.0,261.79499999999996
1887,272.865,22.22,500.0,263.15999999999997
1888,273.45500000000004,22.215,500.0,264.65
1889,272.43,22.285,500.0,264.52
1890,272.28000000000003,22.57,500.0,263.27
1891,272.1,22.634999999999998,500.0,262.045
1892,271.36,22.85,500.0,264.12
1893,270.69,22.715,500.0,263.885
1894,270.33000000000004,22.544999999999998,500.0,262.52
1895,269.46500000000003,22.509999999999998,500.0,263.90999999999997
1896,268.98,22.345,500.0,263.96
1897,269.28000000000003,22.525,500.0,264.245
1898,269.525,22.53,500.0,263.16999999999996
1899,269.81,22.07,500.0,262.04
1900,270.40999999999997,21.98,500.0,262.835
1901,270.70500000000004,21.869999999999997,500.0,264.555
1902,270.8,21.725,500.0,265.815
1903,270.70500000000004,21.605,500.0,264.88
1904,270.745,21.405,500.0,264.07
1905,270.8,21.57,500.0,263.59499999999997
1906,271.04,21.4,500.0,262.885
1907,271.115,21.78,500.0,262.90500000000003
1908,271.38,21.669999999999998,500.0,264.685
1909,272.815,21.555,500.0,264.85
1910,272.995,21.845,500.0,265.555
1911,273.355,22.080000000000002,500.0,266.515
1912,273.71500000000003,21.81,500.0,265.93
1913,274.28499999999997,21.945,500.0,264.95500000000004
1914,275.68,22.345,500.0,265.96999999999997
1915,278.225,22.645,500.0,264.125
1916,278.475,22.380000000000003,500.0,264.21
1917,279.73,22.265,500.0,263.34000000000003
1918,280.01,22.56,500.0,263.8
1919,280.265,22.53,500.0,264.195
1920,281.09499999999997,22.634999999999998,500.0,263.91999999999996
1921,279.945,22.715,500.0,261.44
1922,278.96,23.025,500.0,261.32
1923,278.31,23.02,500.0,260.61
1924,277.18,23.335,500.0,260.49
1925,275.865,23.15,500.0,260.115
1926,274.21999999999997,23.21,500.0,260.005
1927,273.165,22.955000000000002,500.0,260.18
1928,272.92,22.645,500.0,257.74
1929,270.84499999999997,22.81,500.0,258.21999999999997
1930,269.495,22.169999999999998,500.0,258.61
1931,268.885,21.98,500.0,257.425
1932,268.265,22.25,500.0,256.185
1933,268.325,22.73,500.0,254.775
1934,266.96999999999997,22.61,500.0,253.635
1935,266.575,22.405,500.0,254.6
1936,267.105,22.5,500.0,254.37000000000003
1937,267.79,22.535,500.0,254.26999999999998
1938,268.81,22.515,500.0,254.425
1939,269.71500000000003,22.535,500.0,254.50500000000002
1940,269.695,22.31,500.0,253.28000000000003
1941,272.59000000000003,22.35,500.0,253.73000000000002
1942,274.71,21.869999999999997,500.0,253.44
1943,276.195,21.994999999999997,500.0,252.805
1944,278.335,21.89,500.0,253.69
1945,281.21999999999997,22.009999999999998,500.0,252.63000000000002
1946,284.315,21.9,500.0,253.26
1947,286.675,21.71,500.0,252.185
1948,288.79,21.955000000000002,500.0,252.205
1949,290.33000000000004,21.84,500.0,252.435
1950,291.66999999999996,22.305,500.0,250.79000000000002
1951,292.4,22.205000000000002,500.0,251.365
1952,293.52,22.36,500.0,251.445
1953,294.21999999999997,22.005000000000003,500.0,252.49499999999998
1954,295.14,22.095,500.0,252.42000000000002
1955,293.82,21.975,500.0,252.53000000000003
1956,294.315,21.880000000000003,500.0,250.16
1957,294.165,21.919999999999998,500.0,251.945
1958,294.735,21.73,500.0,251.685
1959,295.2,22.21,500.0,251.78000000000003
1960,295.52,22.294999999999998,500.0,252.09499999999997
1961,294.15,22.215,500.0,252.16
1962,294.48,22.235,500.0,252.48000000000002
1963,295.495,22.045,500.0,252.94
1964,295.885,21.935,500.0,252.09
1965,295.79,21.72,500.0,252.06
1966,295.395,21.695,500.0,253.99499999999998
1967,295.09499999999997,21.55,500.0,255.55
1968,294.45500000000004,21.619999999999997,500.0,254.805
1969,295.12,21.39,500.0,254.54000000000002
1970,296.26,20.81,500.0,256.73
1971,297.64,20.73,500.0,255.94
1972,299.12,20.34,500.0,255.965
1973,300.395,19.965,500.0,257.565
1974,301.725,19.715,500.0,257.34000000000003
1975,303.02,19.744999999999997,500.0,255.81
1976,303.70500000000004,19.880000000000003,500.0,258.29
1977,303.5,19.759999999999998,500.0,258.41999999999996
1978,303.35,20.055,500.0,258.915
1979,303.31,19.765,500.0,259.54
1980,303.68,19.744999999999997,500.0,260.63
1981,304.71500000000003,20.845,500.0,261.915
1982,304.055,20.994999999999997,500.0,262.79
1983,298.95500000000004,20.955,500.0,265.165
1984,296.745,20.735,500.0,267.15500000000003
1985,293.775,20.96,500.0,267.79
1986,291.08000000000004,20.994999999999997,500.0,266.84499999999997
1987,290.79,20.990000000000002,500.0,266.245
1988,288.51,20.720000000000002,500.0,268.305
1989,285.34000000000003,21.025,500.0,269.165
1990,284.27,21.43,500.0,270.21
1991,283.225,21.64,500.0,271.4
1992,281.755,21.865000000000002,500.0,273.265
1993,280.29,22.405,500.0,273.755
1994,278.695,21.975,500.0,274.56
1995,274.69,22.009999999999998,500.0,275.27
1996,273.06,22.169999999999998,500.0,274.155
1997,271.455,22.244999999999997,500.0,272.825
1998,269.84000000000003,22.15,500.0,272.095
1999,268.225,22.365000000000002,500.0,272.65500000000003
2000,264.245,22.535,500.0,271.635
