turn,qucb_mean,qucb_low,qucb_high,ucb_mean,ucb_low,ucb_high,thomp_mean,thomp_low,thomp_high
0,0.005,0.004999999888241291,0.004999999888241291,0.005,0.004999999888241291,0.004999999888241291,0.0042,0.004015773525411264,0.004384226474588735
1250,3.789,3.746056094947906,3.831943973716645,3.0904,3.033076925550544,3.147723035539544,3.7979999999999414,3.6949216244056826,3.9010783755942002
2500,6.5259995,6.391337471823679,6.660661620278372,6.169,6.063441054711025,6.274559242835362,7.518800000000007,7.27660172243269,7.760998277567324
3750,9.5,9.439685197593533,9.560314802406467,9.057651,8.900854885219657,9.214446246982492,11.169600000000207,10.835849626943986,11.503350373056428
5000,10.84425,10.654543306785143,11.03395614389845,11.92125,11.712437637539312,12.130063049106196,14.16420000000032,13.698214248278184,14.630185751722458
6250,12.57875,12.231102366440878,12.926396946913615,14.8661995,14.602702641506392,15.129696345310014,16.902200000000395,16.28617607484528,17.51822392515551
7500,17.64125,17.485652079740063,17.79684914096306,17.728249,17.395507139450494,18.06099005293232,19.128200000000916,18.33542650412864,19.92097349587319
8750,20.04375,19.89562297227805,20.191878553600855,20.61395,20.237594290699995,20.99030716804024,21.311800000001316,20.339605628198097,22.283994371804535
10000,20.10625,19.932289415507782,20.280212110371124,23.367548,22.928081503595312,23.80701447418789,23.833400000001546,22.69690729386057,24.969892706142524
11250,20.28045,20.108398008600027,20.452503633245676,26.3228,25.838583879812425,26.80701548542195,26.04080000000182,24.720585534106018,27.36101446589762
12500,21.965252,21.77421004026043,22.156293804954412,29.109098,28.5843452844888,29.633851584407683,28.34840000000207,26.844556165964388,29.85224383403975
13750,27.965252,27.779110796747172,28.15139304846767,31.72915,31.20185180244097,32.25644974174848,30.629400000001333,28.934549860205813,32.32425013979685
15000,33.965252,33.71404868424177,34.21645516097308,34.4068,33.83399340425848,34.97960522855402,32.54540000000024,30.65159229203512,34.439207707965366
16250,39.965252,39.61616648106439,40.314337364150454,37.21395,36.56758273334776,37.860319488331925,34.322199999999384,32.22227166990928,36.422128330089485
17500,40.06605,39.7151859972708,40.41691696903779,39.8848,39.16867343999849,40.60092647455229,35.9815999999986,33.67835643853289,38.284843561464314
18750,40.06605,39.7151859972708,40.41691696903779,42.46425,41.70644305836624,43.222054256086885,37.81159999999786,35.31020504485503,40.31299495514069
20000,40.06605,39.7151859972708,40.41691696903779,45.08875,44.30667540122752,45.87082246254201,39.83499999999722,37.13568838928724,42.534311610707206
21250,40.1985,39.92332976145714,40.473673412370985,47.5195,46.70410989082977,48.33489157401398,41.918599999996694,39.01411821927562,44.823081780717764
22500,40.386,40.217983891455745,40.55401928237238,49.9642,49.10234825587751,50.82604987644671,43.947599999996136,40.837047422759866,47.058152577232406
23750,40.5735,40.5126380541552,40.63436511967293,52.6619,51.71603591197003,53.60776322133075,46.046599999995614,42.73006337175575,49.36313662823548
25000,40.788002,40.73482647503127,40.84117755328904,55.39165,54.405851854462085,56.37745045266682,48.124999999995,44.609360980248816,51.64063901974118
26250,41.038,40.86173116935467,41.21426522957111,58.070698,57.04807194629106,59.093323622556596,50.11779999999434,46.412474634765196,53.82312536522348
27500,41.288,40.988639678375336,41.587356720550446,60.765247,59.686369410159166,61.84412527978224,51.97739999999365,48.093183559584354,55.86161644040295
28750,41.538,41.115548187396,41.96044821152978,63.2213,62.10269155005554,64.33990488549134,53.81519999999283,49.74278843072838,57.887611569257274
30000,41.788,41.242456771545754,42.33353962738003,65.78045,64.60945782086455,66.95144000628389,55.452399999992004,51.18483304687042,59.719966953113584
31250,42.038,41.36936528056642,42.70663111835936,68.488396,67.26133220362682,69.71545917820912,57.093999999991155,52.634815672261965,61.553184327720345
32500,42.288,41.496273789587086,43.079722609338695,70.943,69.662674131748,72.22332745516606,58.78499999999053,54.13411994424784,63.43588005573322
33750,42.317802,41.51140545950574,43.1241993988927,73.28845,71.96158021105487,74.61532408582013,60.53119999998998,55.69084354287941,65.37155645710055
35000,42.317802,41.51140545950574,43.1241993988927,75.4721,74.09906251143755,76.84513609696089,62.269199999989404,57.238130509739136,67.30026949023967
36250,42.317802,41.51140545950574,43.1241993988927,77.779305,76.368096837528,79.19051217126106,64.23579999998893,59.01960918293035,69.4519908170475
37500,42.317802,41.51140545950574,43.1241993988927,80.1129,78.64443555842087,81.58136400212601,66.10419999998835,60.704202512749596,71.5041974872271
38750,42.317802,41.51140545950574,43.1241993988927,82.52425,80.99428270697628,84.05420972466435,67.75079999998768,62.15821479217676,73.3433852077986
40000,42.317802,41.51140545950574,43.1241993988927,84.8841,83.28315231248062,86.48505142287094,69.29719999998696,63.51094104025781,75.0834589597161
41250,44.21965,43.45147069211198,44.98782984499739,87.3409,85.69303293429476,88.98876027859586,70.85839999998609,64.87758089842421,76.83921910154797
42500,50.03215,49.368615599424814,50.69568493768456,89.8049,88.14010889731343,91.46969334878032,72.41959999998515,66.24401867795586,78.59518132201444
43750,55.84465,55.25998817924883,56.429312357860546,92.140144,90.40780454499996,93.8724841512891,73.91519999998421,67.54065733470561,80.2897426652628
45000,61.65715,61.114237415265784,62.20006312184359,94.3732,92.58022715566297,96.16617177011828,75.44019999998339,68.8699423547471,82.01045764521969
46250,67.46965,66.92279372436626,68.01650681274312,96.4918,94.67998499811728,98.30361180364054,76.81039999998268,70.05816830617938,83.56263169378597
47500,73.28215,72.68656408701777,73.8777364500916,98.863,97.00457102316518,100.7214269016395,78.232999999982,71.30320507393259,85.16279492603141
48750,79.09465,78.41511599759085,79.77418453951853,101.148796,99.2837929490821,103.01379921400384,79.66519999998134,72.54833938027495,86.78206061968773
50000,80.39665,79.69466409046497,81.0986403528944,103.20525,101.28907598716977,105.12143121497867,81.10779999998061,73.80197524883417,88.41362475112706
51250,80.39665,79.69466409046497,81.0986403528944,105.55815,103.56280110109095,107.55350138914342,82.5857999999799,75.08654116835183,90.08505883160797
52500,80.39665,79.69466409046497,81.0986403528944,108.1943,106.10770644498693,110.28088913606776,83.97279999997923,76.28876852827833,91.65683147168014
53750,80.39665,79.69466409046497,81.0986403528944,110.95139,108.80602318636177,113.09676306852104,85.25519999997867,77.40973160910318,93.10066839085417
55000,80.39665,79.69466409046497,81.0986403528944,113.689,111.50362741391703,115.87437856752828,86.4365999999783,78.46574209687812,94.40745790307848
56250,80.39665,79.69466409046497,81.0986403528944,116.289856,114.07278049042347,118.50693142363903,87.72739999997802,79.64691460462322,95.80788539533282
57500,80.39665,79.69466409046497,81.0986403528944,118.753395,116.50046916229715,121.00632099883566,89.14319999997782,80.95603408405542,97.33036591590023
58750,80.39665,79.69466409046497,81.0986403528944,121.173096,118.85546955243811,123.49072185381189,90.5195999999776,82.22682576797787,98.81237423197733
60000,80.39665,79.69466409046497,81.0986403528944,123.557594,121.16508155074023,125.95010704789259,91.70359999997758,83.35212358237182,100.05507641758335
61250,80.39665,79.69466409046497,81.0986403528944,125.72805,123.26407114743395,128.19202931643323,92.38719999997755,84.0152538966479,100.7591461033072
62500,80.39665,79.69466409046497,81.0986403528944,127.477196,124.93589879473325,130.01849268475894,93.06319999997714,84.6699878617395,101.45641213821479
63750,80.39665,79.69466409046497,81.0986403528944,129.61044,126.98867457339308,132.23221165707565,93.75659999997684,85.36086748163876,102.15233251831492
65000,80.39665,79.69466409046497,81.0986403528944,131.7464,129.06126837848552,134.43152947307698,94.46519999997656,86.08633416525602,102.8440658346971
66250,80.39665,79.69466409046497,81.0986403528944,134.15245,131.37963194619797,136.9252691768489,95.05819999997637,86.70231722634003,103.4140827736127
67500,80.39665,79.69466409046497,81.0986403528944,136.74126,133.89130391180458,139.5912095159298,95.69059999997609,87.35724577537891,104.02395422457326
68750,80.39665,79.69466409046497,81.0986403528944,139.1783,136.2552287857609,142.10136911462973,96.24899999997587,87.93423477859089,104.56376522136084
70000,80.39665,79.69466409046497,81.0986403528944,141.7533,138.7811162009284,144.7254755959466,96.87139999997558,88.5769300611582,105.16586993879297
71250,80.39665,79.69466409046497,81.0986403528944,143.6177,140.57954839169122,146.65586420596503,97.46579999997532,89.1897820502285,105.74181794972213
72500,80.39665,79.69466409046497,81.0986403528944,145.4379,142.3864589328027,148.48933452422855,97.98199999997507,89.71756081450157,106.24643918544858
73750,80.41825,79.72860708308733,81.10789499210799,147.6398,144.5208054945732,150.75879655620804,98.46659999997479,90.21278576114084,106.72041423880874
75000,80.60575,80.02326121308593,81.18824086210938,149.9044,146.7332807290815,153.07552664396536,99.00399999997448,90.76456493427334,107.24343506567563
76250,80.79325,80.31791534308452,81.26858673211079,152.005,148.7714240958527,155.2385856697723,99.51799999997418,91.2886889655743,107.74731103437406
77500,80.98075,80.61256947308313,81.34893260211219,154.4934,151.19597617413402,157.79080971453786,100.03939999997395,91.81853722567679,108.26026277427111
78750,81.16825,80.90722360308173,81.42927847211358,157.1476,153.78582627683667,160.50937025636645,100.6049999999737,92.385198062039,108.8248019379084
80000,81.35575,81.20187773308034,81.50962434211498,159.63196,156.20448006138298,163.05943595424202,101.19039999997347,92.9714070329362,109.40939296701073
81250,81.54325,81.49653186307894,81.58997021211637,161.76895,158.30698954390124,165.23091328813,101.68639999997322,93.45682441594596,109.91597558400048
82500,81.625,81.625,81.625,163.7775,160.2710263027275,167.28396637305374,102.15759999997297,93.9239917072826,110.39120829266335
83750,81.625,81.625,81.625,165.85645,162.3057726861061,169.4071179388939,102.72119999997273,94.47816155081898,110.96423844912647
85000,81.625,81.625,81.625,168.06035,164.51730077566845,171.60339624581593,103.2847999999725,95.038046680477,111.53155331946802
86250,81.625,81.625,81.625,170.1542,166.58950948398257,173.71890116054868,103.82479999997238,95.58144722704846,112.06815277289631
87500,81.625,81.625,81.625,172.22055,168.61080362724837,175.83029744697038,104.33939999997223,96.10207840390387,112.57672159604058
88750,81.625,81.625,81.625,174.5259,170.8851383819896,178.16664994808852,104.7699999999721,96.53805022173624,113.00194977820796
90000,81.625,81.625,81.625,176.97705,173.28723052451656,180.66687103798344,105.22579999997193,96.99952585203266,113.45207414791119
91250,81.625,81.625,81.625,179.46045,175.70715183282874,183.21374660467126,105.65519999997179,97.4362354390296,113.87416456091397
92500,81.625,81.625,81.625,181.84,178.0569798293115,185.62301284646975,106.1473999999716,97.93770070785664,114.35709929208656
93750,81.625,81.625,81.625,183.8548,180.04471056757222,187.66488415899028,106.67659999997133,98.47564946906412,114.87755053087854
95000,81.625,81.625,81.625,186.12074,182.26388153869533,189.9776040570078,107.17379999997111,98.98313522474778,115.36446477519443
96250,81.625,81.625,81.625,188.51616,184.62681022700397,192.4055078882304,107.76719999997086,99.5889521039993,115.94544789594241
97500,81.625,81.625,81.625,191.0429,187.13196436533872,194.95382054677066,108.37079999997063,100.20193346302267,116.53966653691859
98750,81.625,81.625,81.625,193.2999,189.3720281037836,197.22776437668514,108.90999999997038,100.74770849661542,117.07229150332535
100000,81.625,81.625,81.625,195.53654,191.60144609044292,199.47164350916646,109.50099999997019,101.35430274392218,117.6476972560182
101250,81.625,81.625,81.625,197.4272,193.47031533557055,201.38408529919508,110.13599999997,102.00534578275708,118.26665421718292
102500,81.625,81.625,81.625,199.36955,195.37548439294662,203.36362083166276,110.82139999996984,102.70570411562603,118.93709588431365
103750,81.625,81.625,81.625,201.4928,197.4526822439216,205.5329134592034,111.49019999996972,103.39022019020044,119.590179809739
105000,81.625,81.625,81.625,203.62415,199.54816796947128,207.70012304615372,112.17419999996959,104.0815718110857,120.26682818885348
106250,81.625,81.625,81.625,205.36096,201.25020723523005,209.47171659289495,112.89239999996938,104.80081811780067,120.9839818821381
107500,81.625,81.625,81.625,207.56186,203.4132323338064,211.71048592791234,113.4629999999692,105.37097237079021,121.55502762914819
108750,81.625,81.625,81.625,210.05495,205.84504617652587,214.26484762230226,114.03019999996879,105.9349243038954,122.12547569604217
110000,81.625,81.625,81.625,212.5191,208.2750896339311,216.7631183738814,114.68659999996818,106.59164954034712,122.78155045958924
111250,81.625,81.625,81.625,214.95966,210.67271195860877,219.24659956482873,115.41599999996754,107.3312279055877,123.50077209434738
112500,81.625,81.625,81.625,216.6341,212.29962410236342,220.96856437419908,116.38739999996663,108.32391970001174,124.45088029992152
113750,81.625,81.625,81.625,218.71925,214.322861943058,223.11564513702012,117.36539999996576,109.32368039779843,125.4071196021331
115000,81.625,81.625,81.625,220.75766,216.3033642725075,225.21195555171124,118.3119999999649,110.28804103983666,126.33595896009314
116250,81.625,81.625,81.625,222.89961,218.40722460682764,227.39200024668799,119.33199999996397,111.3219938056963,127.34200619423164
117500,81.625,81.625,81.625,224.89911,220.35448046697664,229.44373730646086,120.20219999996317,112.20348358769276,128.2009164122336
118750,81.625,81.625,81.625,227.07245,222.4658297730674,231.6790676878701,120.88099999996255,112.88568847105212,128.876311528873
120000,81.625,81.625,81.625,229.466,224.79380899875014,234.13819783718736,121.61459999996188,113.62302003087517,129.6061799690486
121250,81.625,81.625,81.625,231.55565,226.8134654514466,236.29783215597527,122.48299999996111,114.49362378760821,130.472376212314
122500,81.625,81.625,81.625,233.494,228.72940032281002,238.25860626898685,123.2591999999604,115.2741697650768,131.244230234844
123750,81.625,81.625,81.625,235.05315,230.2612263625684,239.84506636204097,124.0251999999597,116.04910001695583,132.00129998296356
125000,81.625,81.625,81.625,236.9186,232.09109164300764,241.74609707769548,124.78879999995901,116.81782143783352,132.7597785620845
126250,81.625,81.625,81.625,239.12119,234.2562023732337,243.98616823223506,125.54539999995832,117.581189450567,133.50961054934965
127500,81.625,81.625,81.625,241.1293,236.22873030275682,246.02987565427443,126.3339999999576,118.37444265604734,134.29355734386786
128750,81.625,81.625,81.625,243.19016,238.21294092902417,248.16736912956958,127.2109999999568,119.25852641362536,135.16347358628823
130000,81.625,81.625,81.625,245.27039,240.23796840515007,250.30280307922493,128.02979999995605,120.08093769717512,135.978662302737
131250,81.625,81.625,81.625,247.4937,242.41642157266386,252.5709746675705,128.89919999995527,120.95380292235788,136.84459707755266
132500,81.625,81.625,81.625,249.39926,244.27189517380748,254.52662777541127,129.65719999995457,121.71507604278817,137.59932395712096
133750,81.625,81.625,81.625,251.16144,246.00853881505128,256.3143371615112,130.5003999999538,122.56170505986418,138.43909494004342
135000,81.625,81.625,81.625,253.1141,247.96236057336523,258.2658498758535,131.33179999995306,123.3904428024159,139.2731571974902
136250,81.625,81.625,81.625,254.8752,249.72006463737944,260.0303320911362,132.12079999995234,124.1709945761543,140.07060542375038
137500,81.625,81.625,81.625,256.81198,251.6295619998014,261.99440040254234,132.9309999999516,124.97301094251576,140.88898905738745
138750,81.625,81.625,81.625,258.547,253.32344961047144,263.77054453015353,133.84799999995076,125.8838704419861,141.8121295579154
140000,81.625,81.625,81.625,260.2824,255.01593923889212,265.5488800970454,134.74099999994993,126.761531100388,142.72046889951187
141250,81.625,81.625,81.625,262.18936,256.9247343921563,267.4539887523749,135.6959999999491,127.70238311338412,143.68961688651407
142500,81.625,81.625,81.625,264.06595,258.7567665008648,269.37513047179146,136.75479999994812,128.74839647504882,144.76120352484742
143750,81.625,81.625,81.625,265.70325,260.35650887131266,271.04998526931234,137.95219999994706,129.93577482614572,145.9686251737484
145000,81.625,81.625,81.625,267.41904,262.00945254532735,272.8286211851414,139.089399999946,131.06314135317083,147.1156586467212
146250,81.625,81.625,81.625,269.3625,263.9157230652406,274.8092525206969,140.24799999994494,132.21220123958176,148.28379876030812
147500,81.625,81.625,81.625,271.20435,265.7298810389446,276.6788103673054,141.43099999994388,133.3752986372861,149.48670136260165
148750,81.625,81.625,81.625,272.9775,267.4919371104608,278.46307997938294,142.73399999994268,134.65108612767187,150.8169138722135
150000,81.625,81.625,81.625,274.8153,269.28943526002973,280.34117997434527,143.99359999994155,135.88217251218248,152.10502748770062
151250,81.625,81.625,81.625,276.77075,271.20928956407187,282.33221434217813,145.32139999994033,137.18145031340825,153.4613496864724
152500,81.625,81.625,81.625,279.10135,273.49816048378347,284.7045372701228,146.773999999939,138.60188806639184,154.94611193348618
153750,81.625,81.625,81.625,281.454,275.8080787683963,287.09994125113496,148.38299999993754,140.17227826466853,156.59372173520654
155000,81.625,81.625,81.625,283.7287,278.0117524082988,289.4456450526387,149.81759999993625,141.56583001029787,158.06936998957462
156250,81.625,81.625,81.625,285.87405,280.1220289654803,291.62607894467595,151.24619999993493,142.9526848318102,159.53971516805967
157500,81.625,81.625,81.625,288.06778,282.2801974904718,293.8553615915595,152.66239999993365,144.32023411820623,161.00456588166108
158750,81.625,81.625,81.625,289.9388,284.1424057022334,295.73521880948533,154.18199999993226,145.7928406989266,162.57115930093792
160000,81.625,81.625,81.625,291.9068,286.087721831828,297.7258768009845,155.62199999993095,147.18307113162575,164.06092886823615
161250,81.625,81.625,81.625,293.90552,288.0484375014286,299.7625976548214,156.99759999992972,148.51085105234898,165.48434894751045
162500,81.625,81.625,81.625,295.98184,290.07484784237323,301.888836239658,158.35939999992846,149.83319633382786,166.88560366602906
163750,81.625,81.625,81.625,297.91815,291.9520712513781,303.8842324595594,159.7623999999272,151.18759037384788,168.3372096260065
165000,81.625,81.625,81.625,299.89575,293.86306003053954,305.92844387571046,161.16419999992593,152.541721523043,169.78667847680885
166250,81.625,81.625,81.625,301.65573,295.5614578440422,307.75000455830155,162.47479999992473,153.80946291721207,171.14013708263738
167500,81.625,81.625,81.625,303.56287,297.4328242707412,309.6929081511338,163.89499999992347,155.17267712217466,172.61732287767228
168750,81.625,81.625,81.625,305.0783,298.92463124190374,311.23198496903376,165.2665999999222,156.48249750273607,174.05070249710832
170000,81.625,81.625,81.625,306.85007,300.6751859584256,313.0249483189182,166.6857999999209,157.83741472958016,175.53418527026164
171250,81.625,81.625,81.625,308.433,302.22866030269597,314.6373675293353,168.2459999999195,159.32818866246902,177.16381133736996
172500,81.625,81.625,81.625,309.8208,303.61245604543194,316.02914551706806,169.84679999991803,160.85481146705132,178.83878853278475
173750,81.625,81.625,81.625,311.5369,305.3217056073839,317.7520858965224,171.3219999999167,162.2571965661527,180.3868034336807
175000,81.625,81.625,81.625,313.19806,306.9736127052152,319.4225054588473,172.69639999991546,163.5582290199634,181.83457097986752
176250,81.625,81.625,81.625,315.02216,308.80836779465466,321.23594372878284,174.10419999991416,164.89376972593863,183.3146302738897
177500,81.625,81.625,81.625,316.83005,310.61049468064584,323.0496005341979,175.4551999999129,166.173562000673,184.7368379991528
178750,81.625,81.625,81.625,318.8119,312.56650283389297,325.05727646298203,176.9023999999116,167.55065451587362,186.2541454839496
180000,81.625,81.625,81.625,320.8635,314.60988175160395,327.1171079944898,178.3245999999103,168.9094630547994,187.7397369450212
181250,81.625,81.625,81.625,322.8774,316.5912669558475,329.16355482149623,179.69679999990905,170.22213583873113,189.17146416108696
182500,81.625,81.625,81.625,324.7752,318.47226926487167,331.07814577419083,181.0915999999078,171.55282134345475,190.63037865636085
183750,81.625,81.625,81.625,326.5313,320.1807158551513,332.8819062151612,182.4243999999066,172.82412435223128,192.02467564758192
185000,81.625,81.625,81.625,328.24445,321.88995668543464,334.59893491612786,183.71519999990542,174.05981950850222,193.37058049130863
186250,81.625,81.625,81.625,330.0794,323.730656109245,336.4281573673175,184.9265999999043,175.20796989450957,194.64523010529905
187500,81.625,81.625,81.625,331.96082,325.6218571818396,338.2997736775354,186.10539999990323,176.3325593110593,195.87824068874716
188750,81.625,81.625,81.625,333.8715,327.51489124416804,340.2280897128632,187.30039999990214,177.47612900485794,197.12467099494634
190000,81.625,81.625,81.625,335.75073,329.34663099898523,342.15483384476477,188.46499999990112,178.58693245385413,198.34306754594812
191250,81.625,81.625,81.625,337.5812,331.13730869569633,344.0251058550849,189.5567999999001,179.6241589421937,199.4894410576065
192500,81.625,81.625,81.625,339.29156,332.7860296927737,345.7971001900388,190.72499999989904,180.73824151123367,200.7117584885644
193750,81.625,81.625,81.625,341.22888,334.6852639358116,347.7724997360634,191.91499999989796,181.8849834445364,201.9450165552595
195000,81.625,81.625,81.625,343.14664,336.5628190380148,349.7304548877664,193.06619999989692,182.99166160831533,203.14073839147852
196250,81.625,81.625,81.625,344.6702,338.03362053804824,351.306772528358,194.15739999989594,184.04088877338225,204.27391122640964
197500,81.625,81.625,81.625,346.32642,339.6158863449384,353.0369456863116,195.193399999895,185.03084097802736,205.35595902176266
198750,81.625,81.625,81.625,347.97522,341.17647332432307,354.77396612880193,196.13079999989412,185.92283815911313,206.33876184067512
200000,81.625,81.625,81.625,349.84232,342.99217176084005,356.6924595868162,197.11259999989323,186.85867262013753,207.36652737964894
201250,81.625,81.625,81.625,351.7465,344.8428638576429,358.65011709938835,198.1393999998923,187.83515747036682,208.4436425294178
202500,81.625,81.625,81.625,353.9605,346.99569038854895,360.92533011926355,199.16879999989138,188.81622756666206,209.5213724331207
203750,81.625,81.625,81.625,356.04572,349.02718192588463,363.06424873817787,200.21959999989042,189.81473354628426,210.62446645349658
205000,81.625,81.625,81.625,357.82953,350.75255522951585,364.90650238767165,201.29059999988945,190.83872769426236,211.74247230551654
206250,81.625,81.625,81.625,359.97864,352.8808440432281,367.0764313473969,202.29599999988852,191.80037509321346,212.79162490656358
207500,81.625,81.625,81.625,362.15567,355.0198652351788,369.2914750968524,203.40719999988752,192.85990910632944,213.9544908934456
208750,81.625,81.625,81.625,364.49136,357.2950995798952,371.68762747088607,204.4407999998866,193.8497073170916,215.0318926826816
210000,81.625,81.625,81.625,366.86142,359.6197966681541,374.10304268731466,205.4973999998856,194.8576768963744,216.13712310339682
211250,81.625,81.625,81.625,369.22696,361.97093411962834,376.4829843374029,206.47399999988474,195.78084754827688,217.1671524514926
212500,81.625,81.625,81.625,371.54163,364.2642081047364,378.8190438483886,207.4731999998838,196.73324151204045,218.21315848772716
213750,81.625,81.625,81.625,373.53568,366.20496667466944,380.8663834229868,208.46099999988292,197.67445109710073,219.2475489026651
215000,81.625,81.625,81.625,375.2718,367.8596845861771,382.6838945153854,209.449999999882,198.6116531525245,220.28834684723952
216250,81.625,81.625,81.625,377.00977,369.5729114404768,384.4466198095232,210.4447999998811,199.55717483890842,221.33242516085377
217500,81.625,81.625,81.625,378.65204,371.181212432273,386.1228647161645,211.46979999988017,200.54131413206596,222.39828586769437
218750,81.625,81.625,81.625,380.33215,372.83692454907873,387.82738209154627,212.52219999987923,201.54313395703596,223.5012660427225
220000,81.625,81.625,81.625,382.05762,374.5650392264971,389.5501951485029,213.61379999987824,202.58401827244,224.64358172731647
221250,81.625,81.625,81.625,383.86682,376.3660677546459,391.3675748234791,214.7815999998772,203.6955180698274,225.867681929927
222500,81.625,81.625,81.625,385.7948,378.32217093163445,393.26742867774055,216.03379999987604,204.88019476648176,227.1874052332703
223750,81.625,81.625,81.625,387.80984,380.36489956637644,395.2547903750298,217.47559999987473,206.25088566564673,228.70031433410273
225000,81.625,81.625,81.625,389.80603,382.3641398573262,397.2479206895488,218.95599999987337,207.66601098216523,230.2459890175815
226250,81.625,81.625,81.625,391.7866,384.3310117482715,399.24216940407223,220.49919999987196,209.12616585901677,231.87223414072716
227500,81.625,81.625,81.625,393.5721,386.08003568255805,401.0641903916607,221.95239999987064,210.50186183060444,233.40293816913683
228750,81.625,81.625,81.625,395.1618,387.63142460888724,402.69218378955026,223.32819999986944,211.8020043841829,234.85439561555597
230000,81.625,81.625,81.625,396.52878,388.9428515971971,404.11470455514666,224.65679999986816,213.05865818869518,236.25494181104114
231250,81.625,81.625,81.625,397.91962,390.28489967873924,405.55433371969826,225.950199999867,214.282573235504,237.61782676423002
232500,81.625,81.625,81.625,399.566,391.8759442605231,407.25607478244564,227.16719999986591,215.43136268692956,238.90303731280227
233750,81.625,81.625,81.625,401.13226,393.40537426272414,408.85915210446336,228.23099999986493,216.4393020446757,240.02269795505416
235000,81.625,81.625,81.625,402.93085,395.16054720611373,410.70114712982377,229.22459999986404,217.38357322474704,241.06562677498104
236250,81.625,81.625,81.625,404.7527,396.9626289982257,412.5427420955243,230.18879999986314,218.2908642725592,242.08673572716708
237500,81.625,81.625,81.625,406.36102,398.52295145284535,414.19909444559215,231.06079999986235,219.10694608205722,243.0146539176675
238750,81.625,81.625,81.625,408.34406,400.4476216462758,416.2404887052867,232.0019999998615,219.97924965401614,244.02475034570688
240000,81.625,81.625,81.625,410.08093,402.1682648798789,417.9936003544961,232.90839999986068,220.81467574729447,245.00212425242688
241250,81.625,81.625,81.625,411.75275,403.8019988984322,419.7034942656303,233.83499999985983,221.66998378387868,246.000016215841
242500,81.625,81.625,81.625,413.34512,405.3757449342884,421.3145016477429,234.67719999985908,222.4535076341355,246.90089236558268
243750,81.625,81.625,81.625,415.11172,407.105395726051,423.1180539809803,235.58199999985823,223.29098031437988,247.87301968533657
245000,81.625,81.625,81.625,416.88815,408.8209920046507,424.95531414769306,236.40059999985752,224.04938860112063,248.7518113985944
246250,81.625,81.625,81.625,418.47485,410.34787245304943,426.60183457820057,237.23559999985676,224.81936025832005,249.65183974139347
247500,81.625,81.625,81.625,419.8632,411.6977189836787,428.0286604108525,238.1515999998559,225.662339470108,250.6408605296038
248750,81.625,81.625,81.625,421.469,413.26053911091077,429.67744917033923,239.02339999985514,226.4647541939211,251.5820458057892
