turn,qucb_mean,qucb_low,qucb_high,ucb_mean,ucb_low,ucb_high,thomp_mean,thomp_low,thomp_high
0,0.030000000000000027,0.030000000000000027,0.030000000000000027,0.03,0.029999999329447746,0.029999999329447746,0.0028,0.002348739050394473,0.003251260749929967
1250,18.360199999999907,18.077909513465414,18.6424904865344,17.286999,17.116111250691237,17.457886246867357,10.7676,10.238010617073947,11.297189501944608
2500,31.331300000000443,31.05836282755774,31.604237172443145,33.7178,33.36372562902392,34.0718746517378,19.714,18.91022591887628,20.517775484932315
3750,55.256400000002,55.14425259339765,55.36854740660635,49.725697,49.253650663176536,50.19774246426487,28.2172,27.147210777745002,29.287187873378045
5000,61.75540000000257,61.33555781175754,62.175242188247594,64.9408,64.29714130055235,65.58446575511171,38.2732,37.146652955948944,39.39974902159012
6250,75.6221000000029,75.2065790225213,76.03762097748451,79.375496,78.65088593200198,80.10010588928708,46.196,44.9533069919035,47.43869129911212
7500,102.24300000000119,101.28058828294283,103.20541171705955,93.9784,93.11746674883055,94.83933561933351,54.483597,53.15658633370819,55.810607269807434
8750,115.38890000000175,114.2216299491497,116.55617005085381,108.144005,107.09407525185082,109.19393439170386,61.6144,60.1052111433911,63.123586769206554
10000,121.96890000000022,121.28306059106531,122.65473940893513,122.3442,121.1608866594591,123.52751360909559,69.083595,67.36909603658005,70.79809451517777
11250,132.05270000000067,131.44340456561474,132.6619954343866,135.6747,134.39980079361936,136.94959495833376,76.257195,74.36885072884566,78.14553830924028
12500,139.78799999999526,138.97453021511748,140.60146978487305,149.0908,147.6994705960611,150.48213951136077,83.02,80.90789561139411,85.1320976747387
13750,142.51819999999648,141.26994050563903,143.76645949435394,162.651,161.08956139571475,164.21244055741025,89.684006,87.3053550830047,92.06265639160468
15000,143.88479999999703,142.47197956361597,145.29762043637808,174.4931,172.84214820386038,176.14405785082712,96.4892,93.79026063496434,99.18813291972316
16250,145.3305999999969,143.92720452293,146.73399547706381,187.6826,185.92744814164385,189.43775571577802,101.992805,99.01880048498178,104.96681047693228
17500,159.45560000000359,157.83392767250353,161.07727232750364,201.5274,199.64401801391153,203.41079155640097,105.9224,102.69881267108191,109.1459901853634
18750,168.3237000000069,166.18508434441884,170.46231565559498,213.6418,211.55736344009537,215.72623641342025,110.0,106.48930443579525,113.51069556420475
20000,170.07370000000566,167.75792501287657,172.38947498713475,226.1134,223.83566336497796,228.39114327564704,114.468796,110.61531789168129,118.32227366105309
21250,171.62710000000462,169.07019899420948,174.18400100579976,238.0035,235.65035834850383,240.3566301768868,119.526794,115.2673600063321,123.7862288608554
22500,173.01130000000364,170.22230554069736,175.80029445930992,250.5764,248.14087804094095,253.01192347273093,124.2528,119.63727807781291,128.86832189777303
23750,173.76130000000367,171.01660158542873,176.5059984145786,262.1395,259.6524891916723,264.62650250754643,128.27,123.35997350917258,133.18003503574928
25000,177.25040000000448,174.82755687122665,179.6732431287823,273.8954,271.2748438383227,276.5159276460523,132.3236,127.11642851160829,137.53075776768858
26250,183.375400000006,181.3327210577812,185.4180789422308,285.5142,282.82028266383725,288.208098683819,136.854,131.28863994769648,142.41936786480352
27500,190.1553000000011,188.21739649126002,192.09320350874216,295.823,293.0954559163661,298.5505401773839,141.4744,135.54544574542388,147.40334575848237
28750,197.23609999999556,195.21108028992856,199.26111971006256,306.10458,303.3567468163233,308.8524206641454,146.0332,139.76062392977457,152.30578232022543
30000,204.98609999999135,202.6655229039911,207.3066770959916,317.26038,314.44065178524187,320.08010016788313,150.2604,143.65618261453088,156.86463037375037
31250,208.0922999999896,205.5922198402454,210.59238015973378,328.7942,325.8181689029855,331.7702100032645,154.0596,147.16824027959836,160.95096138055789
32500,208.0922999999896,205.5922198402454,210.59238015973378,339.045,336.00390418745087,342.0861226680179,157.1704,150.06119124561351,164.27959854930836
33750,208.0922999999896,205.5922198402454,210.59238015973378,349.2073,346.06583923081735,352.3487725855889,159.9164,152.59656837914204,167.23622581031108
35000,208.0922999999896,205.5922198402454,210.59238015973378,359.6413,356.4417757779884,362.8408169954491,162.81479,155.24419559428756,170.3853820424312
36250,208.0922999999896,205.5922198402454,210.59238015973378,369.39923,366.05358812222937,372.74487379183313,165.7896,157.96927917469034,173.60991394054403
37500,208.0922999999896,205.5922198402454,210.59238015973378,378.535,375.1163897894601,381.9536175347587,168.3076,160.27591836218565,176.33928549523623
38750,208.0922999999896,205.5922198402454,210.59238015973378,388.7785,385.240704602355,392.3163022335825,171.0768,162.8049049810091,179.34868998969404
40000,208.0922999999896,205.5922198402454,210.59238015973378,398.2059,394.66491290215214,401.7468912970666,173.4048,164.9418998460593,181.86770098401882
41250,208.19349999998948,205.72025647317608,210.6667435268029,408.8933,405.26823799376547,412.51838309998453,175.88359,167.20699379045803,184.56018760602635
42500,208.44349999998926,206.02882020912264,210.85817979085587,419.3811,415.6027995960521,423.1594074351979,178.2076,169.3158283469986,187.09936330339204
43750,210.7115999999872,208.55721533441096,212.86598466556342,429.155,425.23953782216387,433.0704597364299,180.6236,171.51473218199334,189.73246020081916
45000,213.65179999998466,211.74824887738188,215.55535112258744,437.93518,433.92326933213997,441.94709199598503,183.24481,173.89316567001228,192.59645835342522
46250,217.02679999998264,215.28293802045698,218.7706619795083,446.7418,442.6741636256844,450.80941791728435,185.53241,175.96973435815266,195.09508497778484
47500,219.72199999998165,217.89372387867056,221.55027612129274,456.1823,452.0501243812576,460.3144996421799,187.6448,177.89426612158678,197.39534569481947
48750,221.72199999998054,219.49760298941706,223.94639701054402,465.6861,461.51357230376885,469.85862007904365,189.6444,179.7274554011645,199.56133244063238
50000,222.11249999998017,219.78205179071702,224.44294820924333,475.0343,470.84016088596053,479.22844262966447,191.35199,181.29407237955272,201.40990711263478
51250,222.2099999999801,219.8472423917713,224.57275760818894,485.8432,481.5039715746485,490.182429792539,192.73721,182.5893540880018,202.88507218152944
52500,222.2099999999801,219.8472423917713,224.57275760818894,494.525,490.0739931004486,498.97599469252015,194.06279,183.844065409814,204.28151442417038
53750,222.2099999999801,219.8472423917713,224.57275760818894,503.74878,499.1521671064568,508.3453914872932,195.1044,184.84177248575466,205.3670287837766
55000,222.2099999999801,219.8472423917713,224.57275760818894,511.9696,507.23008647394397,516.709122510431,196.1536,185.8714337833991,206.43575615800714
56250,222.2099999999801,219.8472423917713,224.57275760818894,521.0468,516.2082116725509,525.8854162571366,197.226,186.92054540107466,207.5314504485347
57500,222.2099999999801,219.8472423917713,224.57275760818894,530.1709,525.274597786603,535.067199088397,198.2836,187.96275512482887,208.60444458220238
58750,222.2099999999801,219.8472423917713,224.57275760818894,539.0068,534.0543747779459,543.9591750267416,199.542,189.2085106825639,209.8755042100142
60000,222.2099999999801,219.8472423917713,224.57275760818894,547.2793,542.2581325368725,552.3004612131275,200.5288,190.16153405597035,210.89605261395153
61250,222.2099999999801,219.8472423917713,224.57275760818894,556.0044,550.885333192404,561.123455870096,201.4552,191.05387048252433,211.85652990810067
62500,222.2099999999801,219.8472423917713,224.57275760818894,564.4278,559.2345083518233,569.6210824684892,202.37401,191.94539779647928,212.8026185609426
63750,222.2099999999801,219.8472423917713,224.57275760818894,572.2236,566.9135052800666,577.5336382746209,203.3288,192.87423045104708,213.78336232239042
65000,222.2099999999801,219.8472423917713,224.57275760818894,579.84357,574.4691132822508,585.2180205068117,204.20041,193.71531333572509,214.68550453536866
66250,222.2099999999801,219.8472423917713,224.57275760818894,588.0099,582.5770344508919,593.4427409397331,204.946,194.44112127195604,215.4508770190596
67500,222.2099999999801,219.8472423917713,224.57275760818894,596.4811,590.9793567255821,601.9828014775429,205.55,195.0342444012254,216.06576170229022
68750,222.2099999999801,219.8472423917713,224.57275760818894,605.7551,600.0755815185925,611.4346723876575,206.15279,195.62187119287668,216.68370131688894
70000,222.2099999999801,219.8472423917713,224.57275760818894,614.5995,608.7865125745195,620.4124620348555,206.80359,196.2569208009083,217.3502569334667
71250,222.2099999999801,219.8472423917713,224.57275760818894,622.91736,617.105501879817,628.729214917058,207.2844,196.7222006131895,217.84658600790425
72500,222.36629999998007,220.05010216359608,224.68249783636406,630.6361,624.6804505737852,636.5917662230898,207.74161,197.1640358503194,218.31917948171184
73750,222.7412999999801,220.49600836224522,224.98659163771498,639.2865,633.2078188399395,645.3651792069355,208.12439,197.54279770810786,218.70598158876714
75000,222.82349999998013,220.58563968363956,225.0613603163207,647.3288,641.1376327873187,653.5199599861188,208.54721,197.96569005173626,219.1287313349825
76250,223.79789999998,221.70849720339868,225.8873027965613,654.9254,648.6608454386588,661.1899846394662,208.8616,198.27606468355563,219.44714088285062
77500,225.54789999997985,223.5237038118649,227.5720961880948,662.8053,656.4860341819285,669.1245615211965,209.2004,198.61374356492578,219.78704378858984
78750,226.26139999997963,224.27737080695164,228.24542919300762,671.70294,665.3300619179203,678.0758218711422,209.5544,198.96809484513358,220.14070032088205
80000,235.64079999997978,233.83253593103703,237.44906406892252,680.178,673.7146140750089,686.6413429562411,209.822,199.23551234948295,220.40850010168893
81250,267.26579999996954,265.4345316026483,269.0970683972908,687.7876,681.2597289777706,694.3154663347294,210.1736,199.58812786767666,220.75907061865146
82500,278.52919999995925,276.46011824549373,280.59828175442476,694.2408,687.6560527790007,700.8255146038118,210.54,199.9572990727237,221.1226874995419
83750,278.66019999995916,276.5786624467428,280.74173755317554,701.3501,694.6630040282431,708.0371912842569,210.9444,200.3723860328603,221.5164079124522
85000,279.53519999995837,277.2817714450411,281.78862855487563,708.5472,701.8320047435719,715.2623556079906,211.2784,200.714642082755,221.84215113013562
86250,280.1311999999578,277.70459785179895,282.55780214811665,716.0206,709.1926216231878,722.8486381424372,211.7352,201.1787044175376,222.29169353168115
87500,280.25619999995774,277.8010714251613,282.7113285747542,722.9343,716.0114266483125,729.8572256954375,212.14,201.5982686273605,222.68173015193636
88750,280.38119999995763,277.89158865436264,282.8708113455526,730.1843,723.2679245013829,737.1007278423671,212.56041,202.02427189509007,223.0965471967068
90000,280.4942999999575,277.96855858363733,283.02004141627765,737.68646,730.7484270945612,744.6244977101263,212.89679,202.36185299852474,223.43172610303776
91250,280.4942999999575,277.96855858363733,283.02004141627765,745.09064,738.00960961431,752.1716647997525,213.4244,202.89159801662896,223.95718738376166
92500,280.4942999999575,277.96855858363733,283.02004141627765,753.3158,746.1502516432637,760.4813401536113,213.8032,203.2766144362219,224.32980035869997
93750,280.4942999999575,277.96855858363733,283.02004141627765,760.8489,753.5888318490562,768.1089220571938,214.256,203.72682747331473,224.7851659348884
95000,280.4942999999575,277.96855858363733,283.02004141627765,768.4228,760.9210575567321,775.9245234979554,214.6524,204.1310750666278,225.1737345036847
96250,280.4942999999575,277.96855858363733,283.02004141627765,776.5746,768.8785892701657,784.2705806517093,215.0856,204.57105405198593,225.60014956129532
97500,280.4942999999575,277.96855858363733,283.02004141627765,783.7936,775.9054271794158,791.6817310237092,215.5952,205.10226397880743,226.08813519111445
98750,280.4942999999575,277.96855858363733,283.02004141627765,790.5653,782.5416344605416,798.5889807738334,216.12721,205.64482688558158,226.60959816324655
100000,280.4942999999575,277.96855858363733,283.02004141627765,797.75775,789.6888202011806,805.8266827285069,216.6316,206.1660529167135,227.0971611946146
101250,280.4942999999575,277.96855858363733,283.02004141627765,804.3094,796.1287579463386,812.4900164677239,217.2532,206.8178910957293,227.68851759567696
102500,280.4942999999575,277.96855858363733,283.02004141627765,811.34186,802.944904304486,819.7388115158265,217.7784,207.3644791441612,228.19231406872942
103750,280.4942999999575,277.96855858363733,283.02004141627765,818.4261,809.8100485267278,827.0421243248347,218.3656,207.977899349259,228.753301822616
105000,280.4942999999575,277.96855858363733,283.02004141627765,824.8167,816.0539877270747,833.5794351244878,218.84401,208.47799297608273,229.2100258227454
106250,280.4942999999575,277.96855858363733,283.02004141627765,831.0808,822.1291395134033,840.0324815803467,219.3692,209.01992646744517,229.71847685286733
107500,280.4942999999575,277.96855858363733,283.02004141627765,837.3565,828.2343762733806,846.4786364219319,219.90881,209.58655337702442,230.23107357610058
108750,280.4942999999575,277.96855858363733,283.02004141627765,844.4604,835.3034290221779,853.6173473450096,220.3916,210.08923346094775,230.69396966405225
110000,280.4942999999575,277.96855858363733,283.02004141627765,851.4636,842.1774588097849,860.7497872839651,220.87279,210.59580682570717,231.1497681254647
111250,280.4942999999575,277.96855858363733,283.02004141627765,858.85974,849.4688233422717,868.2506590796033,221.33961,211.0827809815138,231.59644875481433
112500,280.4942999999575,277.96855858363733,283.02004141627765,864.8423,855.3771026483298,874.3074676641702,221.81122,211.57817666496027,232.04425985847723
113750,280.4942999999575,277.96855858363733,283.02004141627765,870.5106,860.9295521177658,880.0916881166092,222.24321,212.02871596748543,232.45770371024895
115000,280.4942999999575,277.96855858363733,283.02004141627765,876.3353,866.6999422552893,885.9707120415857,222.6752,212.48087324472345,232.8695295873078
116250,280.4942999999575,277.96855858363733,283.02004141627765,882.11865,872.4716645260503,891.7656401614497,223.0272,212.84944486586042,233.20496797593646
117500,280.4942999999575,277.96855858363733,283.02004141627765,889.1582,879.4579252848475,898.8584809651525,223.40439,213.23756526706876,233.5712115884
118750,280.4942999999575,277.96855858363733,283.02004141627765,896.43146,886.6672735182711,906.1956415207914,223.69,213.53130990382013,233.84869497899237
120000,280.4942999999575,277.96855858363733,283.02004141627765,904.1502,894.2898301848128,914.0105848542497,224.02519,213.8736292347596,234.17675528672478
121250,280.4942999999575,277.96855858363733,283.02004141627765,911.079,901.1825035257758,920.9754554585992,224.414,214.26826348857816,234.55973944110934
122500,280.4942999999575,277.96855858363733,283.02004141627765,917.5639,907.5752189701655,927.552588647022,224.8316,214.69013430210953,234.97307370570297
123750,280.4942999999575,277.96855858363733,283.02004141627765,924.04456,914.0020769624813,934.0870343656437,225.178,215.03962969531685,235.31635785351128
125000,280.4942999999575,277.96855858363733,283.02004141627765,930.45154,920.3317702129591,940.5713059589159,225.5948,215.4646558941629,235.72494981872774
126250,280.4942999999575,277.96855858363733,283.02004141627765,935.735,925.4999696923555,945.9700010107695,225.9592,215.83724554463484,236.0811504514589
127500,280.4942999999575,277.96855858363733,283.02004141627765,942.1053,931.7268445351157,952.4837267539468,226.2352,216.12254118449775,236.347856764721
128750,280.4942999999575,277.96855858363733,283.02004141627765,948.0493,937.4762824562945,958.6223503562055,226.5524,216.45064459641515,236.6541527668661
130000,280.4942999999575,277.96855858363733,283.02004141627765,953.08154,942.4914503418302,963.6716355956698,226.94359,216.85517064092988,237.032005872742
131250,280.4942999999575,277.96855858363733,283.02004141627765,958.0361,947.3940794118832,968.6780641428043,227.30481,217.2233796970827,237.3862394435423
132500,280.4942999999575,277.96855858363733,283.02004141627765,963.6208,952.9326132430624,974.3089639053751,227.61441,217.54200479250062,237.68681600828063
133750,280.4942999999575,277.96855858363733,283.02004141627765,969.2459,958.5042790194551,979.9875422696074,227.8768,217.81328720220262,237.94031387201613
135000,280.4942999999575,277.96855858363733,283.02004141627765,975.73724,964.8388353684393,986.6356519362482,228.1768,218.12141059903746,238.23219657869691
136250,280.4942999999575,277.96855858363733,283.02004141627765,981.9275,970.9728775950902,992.8821028736598,228.494,218.4365464952696,238.55146009652728
137500,280.4942999999575,277.96855858363733,283.02004141627765,988.3324,977.1578604852672,999.5069344366078,228.80559,218.75408541619151,238.85709012091786
138750,280.4942999999575,277.96855858363733,283.02004141627765,995.3042,983.9913469461376,1006.6170514913624,229.0592,219.0107148389817,239.1076933641433
140000,280.7816999999575,278.38026293417727,283.1831370657377,1001.16,989.8312877750312,1012.4886585140313,229.3372,219.29069761833603,239.38371034064835
141250,281.15669999995754,278.88167379717925,283.43172620273583,1006.739,995.3316718395839,1018.1463555041661,229.6048,219.55928481807834,239.65030990848416
142500,281.53169999995754,279.3877797068197,283.6756202930954,1011.92896,1000.4488630718811,1023.4090470843689,229.8216,219.7787324573101,239.8644560192524
143750,281.78309999995747,279.69372809832566,283.8724719015893,1017.2651,1005.7336572091236,1028.796494158064,230.03839,220.00322402000612,240.07355820655638
145000,281.90809999995736,279.83500852183533,283.9811914780794,1022.56885,1010.9307013547199,1034.20699395778,230.30798,220.2728773013578,240.3430894955172
146250,282.6750999999573,280.754512587212,284.5956874127026,1027.9071,1016.2556799237441,1039.558529060631,230.6284,220.59721530060045,240.65959011932142
147500,283.3575999999567,281.4832950048874,285.23190499502596,1032.9297,1021.2602165993595,1044.5991584006404,230.93759,220.90715088816665,240.9680322173021
148750,283.3575999999567,281.4832950048874,285.23190499502596,1037.9341,1026.2801066158818,1049.5880574466182,231.25119,221.22262299504706,241.2797573760467
150000,283.3575999999567,281.4832950048874,285.23190499502596,1043.2554,1031.5004946245901,1055.0102475629099,231.49,221.46828900642936,241.51172197989877
151250,283.3575999999567,281.4832950048874,285.23190499502596,1048.9684,1037.1662298899857,1060.7705376881393,231.77,221.7471704426602,241.79283810226167
152500,283.3575999999567,281.4832950048874,285.23190499502596,1055.3888,1043.4329477601216,1067.3446401305034,232.10321,222.07636173571834,242.13005916271916
153750,283.3575999999567,281.4832950048874,285.23190499502596,1061.4418,1049.426377777861,1073.457167144014,232.396,222.3664223403004,242.4255698471996
155000,283.3575999999567,281.4832950048874,285.23190499502596,1066.9508,1054.8909240353003,1079.0106872928247,232.6448,222.61557519493462,242.67403662147163
156250,283.3575999999567,281.4832950048874,285.23190499502596,1072.9082,1060.7511983118425,1085.0652079381575,232.90558,222.87814266736785,242.93301455919465
157500,283.3575999999567,281.4832950048874,285.23190499502596,1077.22,1064.913340703068,1089.526600703182,233.1452,223.12176175534861,243.16864351808889
158750,283.3575999999567,281.4832950048874,285.23190499502596,1081.1761,1068.7767925211515,1093.5755024007235,233.4328,223.40496677418048,243.46063381175702
160000,283.3575999999567,281.4832950048874,285.23190499502596,1086.0696,1073.5694165212756,1098.5697436349744,233.71521,223.68530602520832,243.74511389666668
161250,283.3575999999567,281.4832950048874,285.23190499502596,1092.1658,1079.5660135394571,1104.7655294292929,233.95119,223.926598787751,243.97577547982712
162500,283.3575999999567,281.4832950048874,285.23190499502596,1097.8801,1085.190725732838,1110.569528173412,234.2784,224.25962701373405,244.29716619915658
163750,283.3575999999567,281.4832950048874,285.23190499502596,1103.315,1090.5510688573727,1116.0788139551273,234.636,224.61777075790044,244.65423241592768
165000,283.3575999999567,281.4832950048874,285.23190499502596,1108.3716,1095.6257497347788,1121.1174143277212,234.92558,224.90698295653107,244.9441828149533
166250,283.3575999999567,281.4832950048874,285.23190499502596,1112.2799,1099.5475845527014,1125.0122299004236,235.1816,225.16915274962744,245.19403694763818
167500,283.3575999999567,281.4832950048874,285.23190499502596,1116.6804,1103.8502429574423,1129.5105968863077,235.5368,225.5288011654144,245.5448072330231
168750,283.3575999999567,281.4832950048874,285.23190499502596,1120.8632,1107.9337301217424,1133.7925882376326,235.98401,225.984410746339,245.983606831786
170000,283.3575999999567,281.4832950048874,285.23190499502596,1125.3672,1112.3544306356284,1138.3799443643716,236.354,226.35805884234512,246.34994897015488
171250,283.3575999999567,281.4832950048874,285.23190499502596,1129.8115,1116.6685455831662,1142.9545012918338,236.77362,226.77899051884182,246.76825069209568
172500,283.3575999999567,281.4832950048874,285.23190499502596,1133.8976,1120.6241746355668,1147.1709913800582,237.172,227.1858261293679,247.1581680112571
173750,283.3575999999567,281.4832950048874,285.23190499502596,1138.8453,1125.4456320515858,1152.2450417765392,237.54279,227.5613917379923,247.5241795510702
175000,283.3575999999567,281.4832950048874,285.23190499502596,1143.5062,1129.9483782410473,1157.0640729308277,237.8496,227.86760432502027,247.8315839074016
176250,283.3575999999567,281.4832950048874,285.23190499502596,1148.4708,1134.756584264259,1162.185066126366,238.27321,228.27965292350575,248.26676431282237
177500,283.3575999999567,281.4832950048874,285.23190499502596,1153.0197,1139.187982721228,1166.851323919397,238.61798,228.62512740561593,248.61083450844657
178750,283.3575999999567,281.4832950048874,285.23190499502596,1157.2566,1143.2914704143157,1171.2217131794343,238.9692,228.9713009028296,248.96708410693603
180000,283.3575999999567,281.4832950048874,285.23190499502596,1162.2488,1148.1823312504966,1176.3152273432534,239.2772,229.2728140903819,249.28159875141498
181250,283.3575999999567,281.4832950048874,285.23190499502596,1167.5125,1153.254053924688,1181.770848419062,239.628,229.6194617167732,249.63655024611742
182500,283.3575999999567,281.4832950048874,285.23190499502596,1172.9797,1158.588990376689,1187.370482279561,239.9584,229.9342464364785,249.98256264555275
183750,283.3575999999567,281.4832950048874,285.23190499502596,1177.833,1163.3061816635857,1192.3598339614143,240.3012,230.2640931961255,250.3382932784839
185000,283.3575999999567,281.4832950048874,285.23190499502596,1181.9575,1167.363581171417,1196.551457891083,240.6712,230.62287045061083,250.71953677595167
186250,283.3575999999567,281.4832950048874,285.23190499502596,1186.0253,1171.4450599391457,1200.6054771702293,241.0116,230.96071829348242,251.06247506589258
187500,283.3575999999567,281.4832950048874,285.23190499502596,1189.6313,1175.0326738410174,1204.2300214714826,241.32,231.26480903231604,251.37520561612146
188750,283.3575999999567,281.4832950048874,285.23190499502596,1193.5171,1178.8563263969272,1208.1778532905728,241.5796,231.5193372825361,251.63987292254203
190000,283.3575999999567,281.4832950048874,285.23190499502596,1197.9592,1183.2859807440202,1212.6324762872298,241.8224,231.76228178483433,251.8825241233688
191250,283.3575999999567,281.4832950048874,285.23190499502596,1202.3872,1187.6764226459748,1217.0979914165252,242.074,232.01495699159744,252.1330532623088
192500,283.3575999999567,281.4832950048874,285.23190499502596,1207.56,1192.7222853344201,1222.3978318530799,242.3932,232.32967800139366,252.45672946930947
193750,283.3575999999567,281.4832950048874,285.23190499502596,1212.5804,1197.5631394248444,1227.5977492470306,242.6536,232.58946338210754,252.7177265592987
195000,283.3575999999567,281.4832950048874,285.23190499502596,1216.6001,1201.4558996045505,1231.7442957079495,242.952,232.89242984340135,253.0115618558174
196250,283.3575999999567,281.4832950048874,285.23190499502596,1220.6536,1205.386173041468,1235.920955864782,243.22961,233.17524711191837,253.28398140370663
197500,283.3575999999567,281.4832950048874,285.23190499502596,1225.7274,1210.448777093738,1241.006056890637,243.60321,233.54670349960045,253.65971739883705
198750,283.3575999999567,281.4832950048874,285.23190499502596,1230.8916,1215.6655796013285,1246.1176235236715,243.8764,233.83243927664947,253.92036834053803
200000,283.3575999999567,281.4832950048874,285.23190499502596,1235.1204,1219.7818469175565,1250.4588757386935,244.1608,234.1208903215098,254.20070391677146
201250,283.3575999999567,281.4832950048874,285.23190499502596,1238.606,1223.241865043884,1253.970049018616,244.4092,234.37571660551808,254.44267328706005
202500,283.3575999999567,281.4832950048874,285.23190499502596,1243.3779,1227.9871493955047,1258.7687099794953,244.6388,234.60877532918505,254.66881256143995
203750,283.3575999999567,281.4832950048874,285.23190499502596,1247.34,1231.991458841913,1262.688472798712,244.9092,234.88911235019762,254.9292775423805
205000,283.3575999999567,281.4832950048874,285.23190499502596,1252.0786,1236.8022022923444,1267.3550242701556,245.11519,235.09842495486083,255.1319522424048
206250,283.3575999999567,281.4832950048874,285.23190499502596,1256.4441,1241.1094664656412,1271.7787171281088,245.3116,235.2958956449222,255.3273038179684
207500,283.3575999999567,281.4832950048874,285.23190499502596,1260.606,1245.3507920844022,1275.8611219780978,245.54199,235.52728368593287,255.55670068906713
208750,283.3575999999567,281.4832950048874,285.23190499502596,1264.0851,1248.8517576047368,1279.3184084108882,245.7476,235.72840619392676,255.76680254630762
210000,283.3575999999567,281.4832950048874,285.23190499502596,1268.3632,1253.0666625279218,1283.6596558314532,245.9724,235.95718691095036,255.98760679022152
211250,283.3575999999567,281.4832950048874,285.23190499502596,1272.2268,1256.818706638787,1287.634906642463,246.1748,236.16043809135184,256.1891712836482
212500,283.3575999999567,281.4832950048874,285.23190499502596,1275.9773,1260.4984416550233,1291.4561481887267,246.4312,236.41090902588513,256.45148721434924
213750,283.3575999999567,281.4832950048874,285.23190499502596,1279.9435,1264.4510891747366,1295.4358737158884,246.66039,236.6378572197044,256.68291304396746
215000,283.3575999999567,281.4832950048874,285.23190499502596,1283.6183,1268.1420134202574,1299.0945588453676,246.8588,236.83535087388944,256.88223945814184
216250,283.3575999999567,281.4832950048874,285.23190499502596,1287.4371,1271.9353069745398,1302.9389606035852,247.0948,237.06461836298936,257.1249873499013
217500,283.3575999999567,281.4832950048874,285.23190499502596,1292.1714,1276.6779267223628,1307.6648467151372,247.30519,237.26935630071154,257.3410257793666
218750,283.3575999999567,281.4832950048874,285.23190499502596,1297.2626,1281.7282472665543,1312.7968992178207,247.55481,237.51689892113058,257.5927202194944
220000,283.3575999999567,281.4832950048874,285.23190499502596,1302.7937,1287.0710675853786,1318.5163347583714,247.86641,237.82889357370115,257.90392502981445
221250,283.3575999999567,281.4832950048874,285.23190499502596,1308.7043,1292.8349430064275,1324.5737483998225,248.12881,238.08316369703758,258.1744656974937
222500,283.3575999999567,281.4832950048874,285.23190499502596,1314.2466,1298.3177276932652,1330.1754363692348,248.40721,238.35894705015505,258.4554755572668
223750,283.3575999999567,281.4832950048874,285.23190499502596,1318.6752,1302.746689478883,1334.603652317992,248.74321,238.68591373421586,258.80050594351854
225000,283.3575999999567,281.4832950048874,285.23190499502596,1322.8816,1307.0137717617579,1338.7494118319921,249.08398,239.0147904030197,259.15317834698027
226250,283.3575999999567,281.4832950048874,285.23190499502596,1327.8158,1311.8796128127592,1343.7519789841158,249.4252,239.35211269122155,259.4982901408097
227500,283.3575999999567,281.4832950048874,285.23190499502596,1331.9243,1315.8315701433878,1348.0170626691122,249.6832,239.60186726361138,259.76452677935737
228750,283.3575999999567,281.4832950048874,285.23190499502596,1336.0369,1319.9659582805932,1352.1077721881568,250.0496,239.95314609575257,260.1460665507318
230000,283.3575999999567,281.4832950048874,285.23190499502596,1339.7134,1323.6269800185937,1355.7997777939063,250.372,240.26852737723792,260.4754606598715
231250,283.3575999999567,281.4832950048874,285.23190499502596,1343.8661,1327.651591693118,1360.080586041257,250.7508,240.63315889906292,260.8684280149996
232500,283.3575999999567,281.4832950048874,285.23190499502596,1348.2965,1332.0023238296017,1364.5906937485233,251.15,241.01304338914534,261.28694440382344
233750,283.3575999999567,281.4832950048874,285.23190499502596,1352.3828,1336.0293725058045,1368.7362524941955,251.5,241.3466665256056,261.6533334743944
235000,283.3575999999567,281.4832950048874,285.23190499502596,1356.4059,1340.0289099634208,1372.7828576147042,251.8008,241.63387102675472,261.9677219908234
236250,283.3575999999567,281.4832950048874,285.23190499502596,1360.6573,1344.3073596844424,1377.0073375811826,252.14839,241.96657756245975,262.3302058848059
237500,283.3575999999567,281.4832950048874,285.23190499502596,1364.6626,1348.2679068803013,1381.0572884321987,252.4368,242.24911585687045,262.6244803345358
238750,283.3575999999567,281.4832950048874,285.23190499502596,1368.0826,1351.624017373797,1384.541265829328,252.71,242.5117693960542,262.90824403168017
240000,283.3575999999567,281.4832950048874,285.23190499502596,1371.9613,1355.4509346852044,1388.4716727366706,253.004,242.79404054596228,263.2139550595065
241250,283.3575999999567,281.4832950048874,285.23190499502596,1376.1019,1359.487565995029,1392.716291426846,253.3248,243.10971648660626,263.5398806813625
242500,283.3575999999567,281.4832950048874,285.23190499502596,1380.5317,1363.7547888990362,1397.3086876634638,253.5968,243.37582388262626,263.81777963299874
243750,283.3575999999567,281.4832950048874,285.23190499502596,1383.9608,1367.0256773039623,1400.8959535554127,253.9492,243.71498416831471,264.18342281410713
245000,283.3575999999567,281.4832950048874,285.23190499502596,1387.7163,1370.6613536868804,1404.7712635006196,254.33119,244.07961190269498,264.58277213050815
246250,283.3575999999567,281.4832950048874,285.23190499502596,1391.9788,1374.7911588084655,1409.1663607227845,254.6516,244.39009215098477,264.91309998768713
247500,283.3575999999567,281.4832950048874,285.23190499502596,1395.7933,1378.4086148383076,1413.1780550835674,254.9468,244.67832796011746,265.2152572449607
248750,283.3575999999567,281.4832950048874,285.23190499502596,1399.3203,1381.8658268440354,1416.7747981559646,255.3508,245.07792007486643,265.6236790462273
