turn,DQN,A2C,PPO
0,0.0024642857142857144,0.002767857142857143,0.002660714285714286
1256,3.147839285714241,3.1027857142856705,3.151464285714241
2512,6.295732142857031,6.167089285714193,6.299214285714173
3768,9.437392857142934,9.211428571428673,9.43985714285722
5025,12.570107142857708,12.234160714286185,12.568321428571995
6281,15.704535714286768,15.176321428572116,15.703107142858133
7537,18.84253571428625,18.052160714286085,18.876517857143384
8793,21.98323214285705,20.927732142857185,22.037339285714186
10050,25.12049999999929,23.804446428571186,25.177267857142134
11306,28.262857142855808,26.693285714285313,28.332089285713025
12562,31.398714285712323,29.55953571428548,31.47333928571294
13819,34.5541785714278,32.43758928571481,34.61449999999958
15075,37.69139285714369,35.3067500000014,37.75814285714385
16331,40.825678571431006,38.174660714287995,40.90908928571683
17587,43.974375000004045,40.95698214286023,44.04062500000411
18844,47.119107142862795,43.73689285714664,47.178785714291394
20100,50.25432142857869,46.47517857143298,50.328482142864246
21356,53.39439285715172,49.17183928571918,53.446839285722575
22612,56.54171428572476,51.816946428576465,56.58212500000909
23869,59.68423214286922,54.421803571433486,59.69966071429519
25125,62.81864285715654,56.963178571433026,62.82055357143776
26381,65.95310714286965,59.50391071428921,65.90828571429375
27638,69.09155357143823,62.02591071428777,69.00151785714911
28894,72.23316071429251,64.54585714285763,72.10305357143274
30150,75.37060714286108,67.10337499999872,75.18933928571616
31406,78.50844642857251,69.65687499999687,78.26787499999944
32663,81.64462499999823,72.08976785713786,81.35257142856835
33919,84.7918571428525,74.45496428570742,84.43426785713719
35175,87.9216785714211,76.90748214284835,87.55505357142023
36432,91.06287499998967,79.31660714284637,90.6593571428461
37688,94.19694642855825,81.72942857141577,93.74437499998629
38944,97.34062499998396,84.10651785712805,96.79676785712647
40200,100.48096428569539,86.50160714284033,99.8652857142666
41457,103.62994642854967,88.87789285712402,102.9230714285496
42713,106.7806964285468,91.2446071428363,105.96019642854691
43969,109.9139285714011,93.58544642854861,109.0162321428299
45225,113.05426785711254,95.92324999997516,112.05805357139863
46482,116.20217857139538,98.30596428568738,115.15508928568157
47738,119.34407142853537,100.66396428568534,118.19137499996455
48994,122.47996428567538,103.09001785711182,121.20923214281896
50251,125.63998214281536,105.49801785710973,124.25617857138765
51507,128.81882142852677,107.86253571425054,127.26074999995637
52763,131.81964285709546,110.18810714281994,130.29923214281078
54019,134.67108928566432,112.46619642853224,133.354357142808
55276,137.4147142856618,114.77553571424453,136.3902499999481
56532,140.22619642851637,117.03237499995682,139.41914285708825
57788,142.83610714279973,119.32578571424048,142.4534821427998
59044,145.64871428565434,121.60712499995272,145.48107142851134
60301,148.37885714279471,123.93710714280779,148.53966071422286
61557,151.23391071422068,126.28658928566284,151.56424999993442
62813,154.00112499993244,128.64498214280363,154.5363035713603
64070,156.69987499993,130.94873214280156,157.560249999929
65326,159.49232142849888,133.2799999999424,160.53923214278342
66582,162.3729642856391,135.5593214285118,163.530821428495
67838,165.09982142849378,137.80010714279555,166.52771428563514
69095,167.8181607142056,140.10142857136498,169.52898214277528
70351,170.49171428563173,142.358678571363,172.5586964284868
71607,173.29789285705775,144.5883928570753,175.5517499999127
72864,176.01376785705529,146.82353571421618,178.51226785705285
74120,178.73303571419564,149.12319642849985,181.55841071419295
75376,181.4517499999075,151.345803571355,184.54914285704737
76632,184.16057142847646,153.59560714278157,187.61187499990174
77889,186.9172499999025,155.84755357135097,190.67624999989894
79145,189.65941071418573,158.03262499992042,193.73358928561044
80401,192.37203571418326,160.26269642848985,196.68110714275062
81657,195.15560714275216,162.51546428563066,199.64617857131938
82914,197.76937499989265,164.69680357134297,202.61253571417382
84170,200.4236785713188,166.85391071419815,205.57441071417114
85426,203.08705357131637,169.05749999991042,208.44528571416853
86683,205.7074999998854,171.2588928570513,211.44976785702298
87939,208.42648214274007,173.4596071427636,214.53166071416305
89195,211.1548928570233,175.66264285704727,217.48646428558894
90451,213.71655357130672,177.87274999990242,220.38476785701488
91708,216.45935714273278,180.05514285704328,223.31230357129792
92964,219.16171428558746,182.271178571327,226.2506249998667
94220,221.8281785712993,184.43133928561076,229.13746428557835
95477,224.60017857129682,186.59753571418022,232.05501785700426
96733,227.30703571415148,188.73008928560685,234.97712499985875
97989,229.97962499986335,190.83053571417636,237.98180357128462
99245,232.91537499986066,192.91221428560306,240.85974999985342
100502,235.62194642842965,194.96366071417262,243.76107142842218
101758,238.36071428557003,196.99866071417077,246.66032142841956
103014,241.09528571413898,199.00558928559752,249.54166071413124
104270,243.94980357127923,201.02662499988142,252.3619285712715
105527,246.6344642855625,203.05124999987956,255.23107142841175
106783,249.3333035712743,205.09692857130628,258.16189285698056
108039,252.08255357127186,207.17107142844725,261.0525357141208
109296,254.77791071412653,209.2820535713025,263.90585714268957
110552,257.3067857141242,211.3247678570149,266.79112499982983
111808,259.95626785697897,213.46648214272727,269.68410714268435
113064,262.7019821426908,215.56757142843963,272.5551249998246
114321,265.39816071411684,217.65416071415203,275.39791071410775
115577,268.08539285697157,219.7375892855787,278.1796785712481
116833,270.8028035712548,221.80773214271966,280.998374999817
118089,273.60739285696656,223.8434107141464,283.93071428552855
119346,276.3196428569641,225.87269642843026,286.723714285526
120602,278.9190892855331,227.88833928557128,289.56194642838057
121858,281.56885714267355,229.89074999985516,292.43641071409223
123115,284.26573214267114,231.8459999998534,295.26192857123254
124371,287.0949107140971,233.7659464284231,298.10691071408706
125627,289.72966071409473,235.67898214270707,300.9828928569416
126883,292.6078749998064,237.58246428556245,303.8029999997962
128140,295.3142499998039,239.46601785698934,306.7040535712221
129396,297.9890892855158,241.40664285698756,309.524249999791
130652,300.7186071426562,243.33173214270013,312.36655357121697
131909,303.426196428368,245.23066071412697,315.17833928550016
133165,306.1852678569369,247.11316071412526,318.04041071406897
134421,308.9349285712201,248.99899999983785,320.7934464283522
135677,311.71949999978904,250.84548214269333,323.5993392854925
136934,314.52876785692933,252.7213214284059,326.4479642854899
138190,317.29774999978395,254.5969107141185,329.21078571405883
139446,319.89107142835303,256.4707857141168,331.95814285691347
140702,322.6021249997791,258.3444642855437,334.7754464283394
141959,325.34035714263376,260.2230714283991,337.6086964283369
143215,327.96364285691715,262.0836607141117,340.4157499997629
144471,330.82062499977167,263.8984464283958,343.2323571426175
145728,333.63694642834054,265.7701071426798,346.0076249997578
146984,336.37385714262376,267.6156785712496,348.85573214261234
148240,339.175374999764,269.46233928553363,351.65441071403836
149496,341.89458928547583,271.29351785696053,354.37464285689305
150753,344.63142857118766,273.1231964283874,357.13898214260485
152009,347.3680892854709,274.94391071410007,359.8814107140309
153265,350.15351785689694,276.76480357124126,362.6283035711713
154521,352.952571428323,278.5658392855254,365.3004999997402
155778,355.6678571426062,280.3604999998094,368.04319642830916
157034,358.3385892854609,282.1778035712363,370.7826964283067
158290,360.9593392854585,284.0120892855204,373.49007142830425
159547,363.64960714259894,285.88385714266155,376.14749999973037
160803,366.32814285688227,287.733714285517,378.8486071425851
162059,369.0602678568797,289.5288392855154,381.62153571401115
163315,371.87469642830575,291.3300357140852,384.2291071425802
164572,374.5088749997319,293.10926785694073,386.89962499972063
165828,377.22660714258654,294.8857142855106,389.5680714282896
167084,379.8495178568699,296.62667857122324,392.23774999971573
168341,382.5548035711532,298.4163214283645,394.8409999997134
169597,385.1778035711508,300.16292857122005,397.4815357139967
170853,387.8235357140055,301.9275178569327,400.1540178568514
172109,390.46864285686024,303.72855357121676,402.90573214256324
173366,393.22403571400065,305.46560714264376,405.6917321425607
174622,395.90355357114106,307.2242857140708,408.4158928568439
175878,398.59598214256715,308.92473214264066,411.1313571425557
177134,401.2928571425647,310.65807142835337,413.85810714255325
178391,404.00099999970513,312.36532142835176,416.49739285683654
179647,406.69235714255984,314.1063749997788,419.1382321425484
180903,409.45033928541443,315.8272142854915,421.8469999996889
182160,412.16126785684054,317.5196964283471,424.5742678568292
183416,414.86935714255236,319.22441071405984,427.23542857111255
184672,417.5095535711214,320.8968392854869,429.8956428568244
185928,420.29067857111886,322.5828035711997,432.56232142825047
187185,423.0057678568307,324.24787499976964,435.1940714282481
188441,425.6589642853997,325.9472321426252,437.77460714253147
189697,428.29324999968304,327.6114999997665,440.44473214252906
190954,431.01010714253766,329.31664285690783,443.1334821425266
192210,433.7089464282495,331.0087321426206,445.8515892853813
193466,436.5155535711041,332.68760714261913,448.5409642853789
194722,439.1360714282446,334.39233928547475,451.12269642823367
195979,441.8647321425278,336.10046428547315,453.759857142517
197235,444.5417142853825,337.8020178569002,456.4841428568002
198491,447.21692857109434,339.54173214261294,459.0214821425122
199747,449.8350892853777,341.2799464283256,461.7627678567954
201004,452.6151607139466,343.01378571403836,464.424892856793
202260,455.3422857139441,344.7661607140368,467.0864464282191
203516,458.0114107139417,346.4720892854638,469.70808928535956
204773,460.6937678567964,348.1959285711766,472.3638035710715
206029,463.40989285679393,349.9113035711765,474.9317142853549
207285,466.11289285679146,351.62041071403536,477.5858214282096
208541,468.843392856789,353.3099107140377,480.20374999963576
209798,471.47787499964375,355.02699999975465,482.84453571391913
211054,474.22987499964125,356.72137499975827,485.5021607139167
212310,476.84383928535317,358.4394642854771,488.25669642819986
213566,479.4731071424936,360.1675714283392,490.91169642819744
214823,482.072517856777,361.8709999997738,493.6119821424807
216079,484.74571428534597,363.59832142835273,496.2682321424783
217335,487.53808928534346,365.33930357121744,498.89546428533305
218592,490.1799285710553,367.04539285693966,501.4703749996164
219848,492.8443035710528,368.78028571409067,504.19494642818535
221104,495.6101249996218,370.4923035712417,506.85349999961153
222360,498.3442678567622,372.2566607141069,509.5991607138947
223617,500.9936249996169,373.9849999998299,512.3370178567494
224873,503.7817142853287,375.66966071412475,514.9914642853188
226129,506.52549999961184,377.3593214284199,517.6229821424597
227386,509.17489285675236,379.086464285573,520.3436607138863
228642,511.9347142853212,380.82196428558467,523.0283928567414
229898,514.6277321424616,382.5979285713103,525.7126249995976
231154,517.4400357138876,384.3270178570362,528.5062321424547
232411,520.1417142853138,386.07880357133325,531.134964285312
233667,522.847624999597,387.8128571427734,533.7485178567416
234923,525.4647678567375,389.5745357142134,536.3961607138856
236179,528.1638749995922,391.28364285708295,539.0984464281727
237436,530.7760535710183,392.99160714281055,541.7169464281748
238692,533.4246071424445,394.7492142856812,544.3646071424625
239948,536.0958749995849,396.47676785712355,547.0696964281789
241205,538.7702321424397,398.1613749999947,549.6723392853243
242461,541.4795714281515,399.90153571429454,552.3414107138992
243717,544.2096428567205,401.63055357145197,554.9806964281884
244973,546.8168392852895,403.34312500003824,557.6570178567631
246230,549.4617321424299,405.0309821429099,560.3493749996233
247486,552.1259642852847,406.711535714353,563.0326964281984
248742,554.7814999995679,408.4410535715112,565.7202321424879
249999,557.5153749995656,410.1271785715266,568.3903928567786
